node,in-degree,out-degree,edge-count
2121,481,682,1163
4391,54,36,90
8927,106,104,210
398,365,1690,2055
4000,185,759,944
5668,353,414,767
652,658,582,1240
60,126,15,141
9018,1167,2316,3483
3079,464,1995,2459
6000,330,287,617
5615,72,58,130
5376,32,2,34
7213,88,86,174
8339,53,16,69
7601,71,0,71
10935,135,94,229
10096,140,31,171
8035,236,211,447
2539,53,22,75
4594,19,14,33
5700,829,634,1463
10582,37,14,51
2351,123,141,264
7419,21,1,22
4480,49,42,91
8233,57,41,98
8725,34,18,52
8397,435,181,616
11275,168,161,329
9547,280,217,497
3498,27,12,39
9946,33,15,48
10033,29,6,35
4899,32,3,35
5084,28,0,28
5149,28,0,28
7899,100,74,174
6687,28,1,29
9725,28,0,28
7087,44,17,61
7981,44,17,61
7997,31,0,31
9746,78,46,124
8523,28,0,28
8972,35,0,35
9064,30,2,32
358,639,1035,1674
218,22,2,24
2113,22,3,25
2114,10,7,17
2411,21,7,28
8183,142,26,168
9356,18,8,26
7346,19,6,25
1426,95,13,108
4177,122,38,160
6179,272,140,412
285,135,14,149
882,89,2,91
3893,397,985,1382
4664,397,25,422
186,599,1569,2168
2760,118,4,122
10216,79,8,87
8737,125,31,156
9722,138,35,173
6027,522,1238,1760
6161,450,1617,2067
7915,152,83,235
9533,229,392,621
6289,207,439,646
9168,105,23,128
9439,221,207,428
5858,176,374,550
6363,126,77,203
5825,109,44,153
1163,506,361,867
7179,549,589,1138
5635,561,1269,1830
1338,401,179,580
3452,201,24,225
5914,459,826,1285
1671,687,1081,1768
6547,457,642,1099
6121,460,218,678
2878,216,135,351
932,539,365,904
1114,428,40,468
1217,292,703,995
1247,155,4,159
1383,213,225,438
1428,323,8,331
1436,346,22,368
1837,434,168,602
1930,399,18,417
1942,404,258,662
1990,397,44,441
2084,418,255,673
2219,191,23,214
2554,168,92,260
3243,52,6,58
3415,375,8,383
3615,789,801,1590
3793,2075,4477,6552
3933,740,1189,1929
3980,545,515,1060
3997,1084,1581,2665
4006,408,315,723
4016,553,686,1239
4063,299,91,390
4064,485,650,1135
4182,361,125,486
4207,439,32,471
4242,487,49,536
4338,617,796,1413
4363,665,532,1197
4406,468,111,579
4482,366,229,595
4641,472,245,717
4649,414,447,861
4661,373,10,383
4806,386,503,889
5106,392,3,395
5340,393,15,408
9680,466,252,718
5969,416,21,437
6071,443,29,472
6080,419,70,489
6122,421,410,831
6380,1796,6143,7939
6580,447,33,480
7136,166,77,243
7878,370,15,385
10470,396,726,1122
10689,461,195,656
9037,456,3,459
3409,363,91,454
3179,41,8,49
2694,408,686,1094
7624,19,1,20
3722,194,79,273
2781,345,195,540
7418,170,48,218
1507,378,38,416
8932,510,252,762
6297,103,35,138
1865,151,2,153
2821,384,210,594
4117,326,115,441
4844,417,151,568
8931,341,653,994
3878,1397,6068,7465
5353,1125,1480,2605
7056,237,213,450
8320,177,39,216
1686,48,55,103
6521,224,81,305
6371,1218,4305,5523
9920,291,540,831
708,199,23,222
7539,105,8,113
1995,123,24,147
2433,130,32,162
2463,344,434,778
3038,146,36,182
3071,177,69,246
3173,272,39,311
3253,116,12,128
3406,149,22,171
3865,90,11,101
3868,262,157,419
10843,343,351,694
4002,179,39,218
4017,173,5,178
4084,165,235,400
4384,310,428,738
4541,161,53,214
4552,232,40,272
4608,164,9,173
5193,272,148,420
5358,183,23,206
5488,151,66,217
5737,99,6,105
5784,219,72,291
5922,333,178,511
6108,142,32,174
6143,308,568,876
6413,188,29,217
6485,181,144,325
6533,227,71,298
6560,273,108,381
6693,212,68,280
6733,145,32,177
7073,199,102,301
7634,216,76,292
7692,400,830,1230
7738,252,106,358
7780,203,40,243
7920,155,20,175
7986,169,69,238
8375,313,171,484
8600,224,105,329
8769,189,73,262
8848,131,5,136
8853,191,45,236
9102,378,402,780
9263,176,29,205
9330,397,553,950
9512,164,79,243
10327,186,61,247
10803,67,8,75
8213,104,41,145
10844,69,35,104
2950,163,31,194
999,2,0,2
2055,14,0,14
6824,42,36,78
3104,356,267,623
605,496,2108,2604
10258,17,17,34
5579,700,628,1328
7138,6,14,20
2978,313,175,488
3725,779,750,1529
3250,58,32,90
8387,807,1510,2317
4162,270,178,448
6370,305,184,489
2635,440,1005,1445
520,297,330,627
4562,924,2359,3283
4836,121,71,192
4810,522,411,933
1541,83,127,210
32,908,2607,3515
11634,43,32,75
5925,311,178,489
4003,927,1170,2097
5368,631,1964,2595
6097,231,67,298
3689,388,1509,1897
5264,231,108,339
3915,170,165,335
6640,686,1284,1970
2620,730,3178,3908
9486,120,90,210
2117,1062,1012,2074
3419,138,26,164
4202,80,19,99
4568,241,199,440
6138,217,129,346
4857,216,92,308
4759,476,1890,2366
4733,481,408,889
2,595,293,888
9091,347,279,626
3441,362,241,603
8567,198,137,335
1035,325,195,520
2527,146,52,198
2963,240,89,329
3625,154,37,191
3630,206,66,272
3738,148,20,168
3892,170,75,245
4123,190,92,282
4256,208,100,308
4290,201,110,311
4854,157,16,173
5365,181,76,257
5483,159,69,228
6012,150,54,204
6034,471,408,879
6089,190,65,255
6187,221,74,295
6188,153,27,180
6280,146,39,185
6321,274,195,469
6443,265,110,375
6456,187,83,270
6479,128,16,144
6574,287,141,428
6583,105,13,118
6631,243,118,361
6683,142,27,169
6695,160,40,200
6696,113,11,124
6816,146,32,178
6997,295,192,487
7819,117,22,139
8763,229,131,360
9118,226,83,309
9235,221,96,317
6453,186,119,305
6774,215,87,302
5542,2667,16011,18678
6214,478,272,750
3534,2,4,6
5214,3,1,4
2959,324,227,551
2421,346,331,677
11991,50,126,176
8246,88,93,181
7712,373,441,814
3995,51,23,74
4334,13,28,41
3967,75,52,127
5453,128,11,139
9368,15,7,22
4043,279,17,296
5629,88,6,94
1250,1001,7387,8388
9505,97,115,212
1688,638,1096,1734
3134,739,923,1662
1922,72,2,74
3073,88,72,160
10816,311,899,1210
7151,530,413,943
4238,1019,2403,3422
11346,8,5,13
37,794,458,1252
4722,138,152,290
9919,137,55,192
10063,54,16,70
5844,169,259,428
6849,215,172,387
1721,106,2,108
2190,201,200,401
3991,137,63,200
8865,110,1,111
5166,115,29,144
9577,100,5,105
5597,103,24,127
5973,111,19,130
6042,41,5,46
6072,86,4,90
6153,142,87,229
6157,90,29,119
8709,74,7,81
6274,130,66,196
6278,89,8,97
6383,100,34,134
6392,100,21,121
6563,103,9,112
7168,83,5,88
7666,83,0,83
7883,93,0,93
8207,95,8,103
8265,94,0,94
8593,91,4,95
8805,100,16,116
8994,89,75,164
9117,210,116,326
9273,92,4,96
9534,110,11,121
10027,99,19,118
3292,195,40,235
7926,94,28,122
7561,538,350,888
7651,554,1017,1571
4532,874,1212,2086
8806,354,89,443
3338,305,196,501
8537,13,7,20
1,421,283,704
4172,172,20,192
6957,646,306,952
3726,405,110,515
8291,350,178,528
8651,58,72,130
8693,450,506,956
1362,581,1549,2130
9132,254,127,381
7862,70,16,86
9812,89,64,153
7322,208,43,251
3237,751,4467,5218
787,2290,8393,10683
6298,337,216,553
983,388,117,505
1153,410,46,456
1387,303,49,352
1423,222,8,230
7961,348,31,379
7049,442,60,502
2758,423,341,764
2470,899,742,1641
3393,348,38,386
4200,351,28,379
4295,335,26,361
4518,341,8,349
4676,399,55,454
4902,416,55,471
5019,397,193,590
5060,354,13,367
5187,355,65,420
5191,396,90,486
5600,378,22,400
5694,366,29,395
5768,278,14,292
6134,235,84,319
6305,220,119,339
6361,346,52,398
6669,446,24,470
6970,332,37,369
7095,340,22,362
7278,581,981,1562
8346,383,86,469
9879,274,68,342
9079,308,107,415
9136,240,83,323
9508,433,12,445
9589,396,67,463
5801,380,719,1099
7051,268,10,278
8835,177,3,180
540,518,3728,4246
5458,538,436,974
9206,145,24,169
4007,129,37,166
7249,355,977,1332
9621,672,541,1213
4696,1711,7502,9213
7066,119,23,142
4811,905,765,1670
2131,504,1441,1945
9017,184,104,288
4621,399,207,606
1018,124,122,246
1339,97,16,113
2459,274,100,374
3259,39,1,40
3808,111,66,177
3954,44,3,47
4458,9,2,11
4626,3,0,3
4821,182,37,219
6094,139,142,281
6096,32,1,33
8751,61,2,63
9049,123,17,140
604,181,331,512
649,191,69,260
391,713,3290,4003
4537,300,104,404
216,639,2333,2972
10603,134,110,244
4523,1168,1256,2424
2976,93,5,98
6570,87,35,122
3276,35,22,57
6780,433,48,481
7454,380,196,576
1026,1388,5410,6798
6840,1564,3348,4912
5932,152,27,179
2891,3033,7263,10296
3236,303,235,538
7026,143,39,182
2370,605,2496,3101
10962,267,292,559
2912,437,318,755
1665,567,374,941
4803,117,32,149
1755,126,51,177
7998,122,46,168
4798,325,862,1187
9215,600,2750,3350
1038,109,82,191
4370,1368,1218,2586
5528,191,232,423
1129,250,167,417
5934,356,357,713
972,135,105,240
4036,356,212,568
2157,792,987,1779
7047,419,250,669
1156,681,322,1003
10064,160,125,285
3164,171,198,369
3092,106,105,211
4808,118,99,217
2179,60,54,114
7348,72,73,145
5220,63,12,75
361,9,0,9
4158,149,88,237
8657,257,224,481
4460,225,23,248
7889,862,832,1694
2209,401,348,749
5841,997,753,1750
1670,374,1575,1949
1920,947,5032,5979
408,333,291,624
8326,97,85,182
9289,382,334,716
2200,517,525,1042
1445,322,362,684
5526,90,38,128
9611,5,0,5
9155,151,236,387
3706,99,41,140
725,500,102,602
2045,211,79,290
759,257,254,511
3260,238,711,949
3103,53,0,53
4311,39,17,56
5663,14,20,34
8162,215,32,247
8105,18,13,31
4163,126,320,446
4506,151,92,243
6276,1297,2229,3526
6346,610,309,919
12009,311,10,321
11985,231,225,456
8550,303,56,359
131,130,44,174
3145,134,16,150
9517,170,70,240
467,231,476,707
3851,212,337,549
4049,133,126,259
62,145,93,238
9719,196,129,325
457,86,7,93
617,244,88,332
763,256,359,615
839,5,0,5
843,150,167,317
1313,224,179,403
2971,112,13,125
3221,10,0,10
3251,169,181,350
3297,249,229,478
3403,860,2406,3266
3858,142,25,167
4008,119,14,133
5994,171,76,247
6008,9,2,11
6354,236,282,518
6608,107,0,107
7113,184,65,249
8293,161,54,215
9425,87,0,87
10818,173,97,270
6353,235,84,319
10650,138,38,176
8648,204,231,435
184,295,382,677
1443,118,4,122
6148,114,28,142
3239,135,49,184
10573,87,5,92
10356,130,33,163
10914,70,8,78
2388,54,3,57
10071,51,5,56
8574,254,318,572
9504,71,23,94
10077,57,0,57
10793,79,25,104
1329,8,1,9
264,141,21,162
12492,71,46,117
8926,50,25,75
6198,480,599,1079
624,185,152,337
399,512,488,1000
7955,51,4,55
8057,82,25,107
2859,10,0,10
5885,123,34,157
3017,20,0,20
3021,28,0,28
3400,24,0,24
3778,143,52,195
3891,108,4,112
5476,43,13,56
5689,31,1,32
5821,32,1,33
6340,155,90,245
6441,143,60,203
7993,141,68,209
9194,161,57,218
9219,129,58,187
1490,660,1498,2158
5684,301,1185,1486
10981,148,110,258
805,351,40,391
2436,78,10,88
3885,354,143,497
6838,122,36,158
7840,146,48,194
2925,205,21,226
4566,437,374,811
438,680,3407,4087
744,261,128,389
1551,204,15,219
2240,219,66,285
3278,287,128,415
7923,318,135,453
3896,175,25,200
6191,217,71,288
2302,240,67,307
1481,254,100,354
1952,125,3,128
2369,218,28,246
1071,339,146,485
2408,190,27,217
1258,327,141,468
1151,222,39,261
921,242,80,322
3446,215,62,277
539,303,247,550
581,117,22,139
2566,397,202,599
1120,216,21,237
464,239,14,253
874,340,175,515
5899,1,2,3
4306,219,36,255
312,1992,8002,9994
3044,222,385,607
3234,213,20,233
7682,161,131,292
4843,196,63,259
4298,302,378,680
100,115,10,125
6378,767,1738,2505
12358,66,42,108
1768,125,14,139
1975,112,24,136
2185,87,19,106
3356,116,20,136
3466,106,7,113
3821,90,0,90
10890,34,0,34
4273,166,79,245
4345,253,290,543
5332,70,7,77
5896,100,4,104
6044,138,65,203
6059,155,85,240
6313,198,113,311
6422,129,38,167
6496,57,4,61
6746,145,85,230
10701,38,0,38
7142,130,39,169
7248,170,108,278
7289,284,205,489
7791,74,10,84
7973,89,0,89
10898,59,22,81
11316,59,13,72
8958,134,43,177
9362,123,27,150
3193,159,63,222
8878,8,7,15
2012,191,13,204
4,256,333,589
5071,90,18,108
7031,133,11,144
3542,79,54,133
3919,70,20,90
6758,221,222,443
4618,239,103,342
10648,70,19,89
7084,1,0,1
5941,30,13,43
6081,167,661,828
326,461,220,681
52,407,361,768
47,392,241,633
655,152,247,399
321,107,23,130
597,1114,643,1757
173,105,89,194
12426,1,3,4
198,44,5,49
375,238,56,294
31,380,169,549
1222,347,256,603
95,168,24,192
45,330,204,534
140,365,229,594
2967,169,41,210
101,261,276,537
8821,276,174,450
151,725,3181,3906
282,95,28,123
2145,1151,1275,2426
775,486,652,1138
550,336,165,501
7518,682,440,1122
197,236,89,325
5563,177,6,183
3190,258,165,423
46,122,18,140
19,20,20,40
7339,48,37,85
93,257,40,297
30,150,27,177
55,166,40,206
118,206,95,301
7934,189,39,228
259,148,40,188
331,126,8,134
415,162,40,202
463,146,5,151
739,125,2,127
1125,161,4,165
1139,153,3,156
1175,125,10,135
1180,146,334,480
1652,96,22,118
1663,129,18,147
2343,80,15,95
2477,179,69,248
2584,243,279,522
2913,163,52,215
3100,108,35,143
3367,188,74,262
3608,123,7,130
3801,58,4,62
3901,130,27,157
4357,154,254,408
7952,118,9,127
4888,122,1,123
4942,152,15,167
5046,105,2,107
9829,176,21,197
6041,138,8,146
6128,135,81,216
6228,130,12,142
6284,216,139,355
8705,129,17,146
6775,168,18,186
7893,165,61,226
7659,163,45,208
8173,134,16,150
8448,127,12,139
9181,264,184,448
7836,597,1536,2133
1400,275,612,887
3592,146,316,462
1075,21,29,50
524,126,283,409
10322,144,63,207
11619,294,280,574
4448,89,15,104
2600,469,1639,2108
5126,219,52,271
163,55,220,275
400,70,77,147
2726,62,1,63
3582,15,1,16
5868,123,32,155
9683,17,0,17
11125,161,41,202
9692,30,65,95
5666,200,103,303
291,11,12,23
8662,190,111,301
6301,525,345,870
167,24,8,32
78,364,70,434
2543,595,502,1097
1456,2,0,2
11730,8,0,8
12411,15,30,45
12489,9,5,14
124,842,479,1321
6236,19,7,26
12471,12,19,31
11315,3,1,4
11578,21,15,36
193,42,46,88
804,501,76,577
11788,105,28,133
3988,77,68,145
616,193,110,303
840,170,17,187
284,30,20,50
2026,60,81,141
3248,278,71,349
1804,828,863,1691
317,130,20,150
1309,88,19,107
7931,300,130,430
8857,163,77,240
12494,55,55,110
505,205,30,235
978,292,217,509
1980,80,0,80
2888,29,31,60
2793,137,31,168
2607,258,14,272
2063,537,428,965
11161,124,53,177
10336,85,27,112
5822,63,13,76
4194,11,1,12
158,99,47,146
3077,112,4,116
1849,355,276,631
2277,278,117,395
2064,4,5,9
3506,92,33,125
5341,184,162,346
749,201,361,562
3501,446,2272,2718
9463,191,80,271
2135,499,4297,4796
3203,34,15,49
4707,241,140,381
6391,147,22,169
7865,88,1,89
3787,4,2,6
4335,96,34,130
2885,712,685,1397
6336,111,53,164
3740,476,191,667
4376,14,2,16
4329,13,19,32
5574,563,512,1075
2805,116,5,121
5334,528,589,1117
4471,257,83,340
7287,133,283,416
5640,120,59,179
3018,354,279,633
10340,174,51,225
5882,254,268,522
6654,59,29,88
8331,48,23,71
9152,9,8,17
10053,65,31,96
1399,170,75,245
9381,27,27,54
12238,2,1,3
8770,107,14,121
3496,150,90,240
10707,23,4,27
6518,113,135,248
8767,125,32,157
7880,120,14,134
12318,177,129,306
6685,162,69,231
5156,178,447,625
5527,609,2058,2667
10513,478,888,1366
4197,29,27,56
892,237,99,336
925,234,87,321
192,231,58,289
349,226,26,252
365,217,25,242
497,229,10,239
598,185,22,207
653,196,27,223
1278,658,440,1098
1459,226,66,292
1480,242,33,275
1902,279,132,411
2155,309,146,455
2753,230,86,316
3659,213,47,260
4072,191,52,243
7481,223,41,264
5794,317,201,518
6067,201,23,224
12327,65,76,141
11049,64,35,99
565,786,1517,2303
4611,105,32,137
7403,1051,1747,2798
435,9,0,9
3067,61,15,76
3412,114,7,121
4133,209,201,410
5795,250,43,293
10697,2,0,2
10670,1,0,1
10696,3,0,3
10633,2,0,2
2034,72,86,158
4161,305,160,465
2454,145,95,240
12374,35,23,58
11469,136,272,408
6348,16,2,18
4574,84,11,95
673,106,46,152
2457,290,314,604
5577,277,104,381
3279,258,598,856
439,110,17,127
12229,2,2,4
893,204,38,242
292,360,6,366
378,347,78,425
764,565,211,776
765,535,267,802
774,759,413,1172
845,272,35,307
962,422,64,486
965,503,98,601
1229,517,92,609
2085,480,188,668
2208,677,218,895
2265,540,346,886
2493,439,80,519
2969,323,29,352
3008,1114,1130,2244
3388,649,287,936
3556,526,157,683
3731,507,47,554
3826,387,66,453
3906,375,56,431
4403,477,71,548
4499,592,292,884
4510,1290,1475,2765
4585,362,6,368
4916,402,55,457
5234,482,42,524
5414,513,163,676
5823,447,49,496
5943,561,147,708
6029,428,98,526
6065,376,142,518
6088,699,659,1358
6868,651,355,1006
6877,459,111,570
7162,1071,836,1907
7763,432,103,535
8156,379,102,481
4490,169,76,245
3522,888,813,1701
1155,236,86,322
2094,1113,2046,3159
479,466,2808,3274
3928,630,2957,3587
3030,32,1,33
412,23,0,23
750,145,16,161
2427,180,76,256
3527,224,64,288
3895,458,276,734
3974,576,503,1079
6822,152,10,162
1714,326,376,702
1808,27,22,49
849,119,34,153
3924,168,71,239
2857,213,17,230
2319,199,31,230
4865,237,25,262
2072,180,17,197
2290,239,67,306
5103,170,31,201
5736,443,298,741
4360,195,65,260
594,320,154,474
7271,466,547,1013
431,210,82,292
338,1,0,1
675,84,158,242
825,210,7,217
6337,56,68,124
721,779,833,1612
5649,295,184,479
767,232,147,379
1694,273,65,338
4328,431,465,896
6537,331,209,540
945,858,1425,2283
3200,268,164,432
6018,210,63,273
440,13,3,16
4215,226,110,336
5395,504,2696,3200
1725,233,27,260
7643,260,114,374
1554,153,15,168
9656,16,11,27
9550,138,17,155
209,175,42,217
5398,198,10,208
4956,186,10,196
2137,357,206,563
2216,389,222,611
7288,143,27,170
2724,403,260,663
9928,208,177,385
4710,76,18,94
6931,59,5,64
5087,262,171,433
12240,73,93,166
9616,49,50,99
4245,71,39,110
9612,13,18,31
10061,11,9,20
1560,204,76,280
2377,334,295,629
12336,11,27,38
1088,210,68,278
2083,459,900,1359
1085,140,87,227
5514,529,427,956
7366,264,141,405
6193,945,6075,7020
5859,81,39,120
9706,595,1045,1640
2115,660,2838,3498
9498,384,283,667
6221,362,1363,1725
2141,215,25,240
2444,218,21,239
2414,303,170,473
3165,411,350,761
580,191,71,262
800,289,114,403
963,25,0,25
1159,164,43,207
1271,391,301,692
1342,183,34,217
1458,77,0,77
1496,251,73,324
1752,139,14,153
1775,55,1,56
1801,237,123,360
1856,163,30,193
1883,188,18,206
1909,322,245,567
1962,443,315,758
2033,275,147,422
2062,155,37,192
2167,145,14,159
2169,186,101,287
2229,145,0,145
2230,230,105,335
2231,292,937,1229
2262,191,54,245
2276,147,13,160
2334,181,17,198
2503,195,28,223
2514,318,214,532
2648,198,94,292
3080,146,8,154
3088,148,21,169
3576,549,346,895
3812,174,21,195
3921,150,28,178
7517,166,9,175
6628,235,31,266
6682,307,111,418
7176,340,183,523
7214,155,1,156
7969,157,31,188
8084,515,343,858
8139,385,283,668
8561,305,194,499
8992,835,791,1626
9481,760,706,1466
1991,78,99,177
7005,313,158,471
2140,16,7,23
6164,309,1145,1454
4171,970,5744,6714
5105,298,333,631
2449,26,22,48
8845,74,45,119
6005,6,4,10
1280,247,149,396
5786,449,954,1403
651,524,364,888
762,267,135,402
2608,558,999,1557
1537,221,74,295
1300,34,24,58
1475,199,110,309
8755,38,15,53
1928,4,3,7
5719,1,2,3
4687,17,22,39
10070,5,8,13
7963,73,57,130
5142,127,93,220
6759,86,46,132
6350,64,60,124
4223,66,6,72
7698,107,49,156
4607,18,10,28
2347,123,73,196
9320,55,22,77
11620,11,10,21
3790,5,4,9
10460,64,57,121
9821,80,60,140
4968,24,0,24
6230,119,151,270
862,77,88,165
9523,46,49,95
9067,73,65,138
7242,55,23,78
2129,206,258,464
709,323,53,376
1501,397,822,1219
7652,965,1068,2033
3207,357,842,1199
1398,11,2,13
1224,11,18,29
8603,410,1030,1440
1312,224,73,297
51,45,11,56
107,57,24,81
477,155,90,245
552,39,6,45
1376,658,598,1256
1558,246,57,303
1673,438,335,773
2049,120,2,122
2251,319,101,420
2855,221,13,234
2917,100,31,131
3218,331,321,652
3302,267,100,367
3539,188,16,204
3645,280,163,443
3747,334,383,717
3753,220,26,246
3822,212,39,251
3846,350,178,528
3957,371,209,580
9700,304,180,484
4258,447,317,764
4323,310,195,505
7428,382,195,577
4622,681,665,1346
4633,562,983,1545
4799,714,611,1325
4938,360,180,540
5018,226,24,250
5028,458,337,795
5095,266,528,794
5201,202,13,215
5261,35,0,35
5263,231,28,259
5301,248,55,303
5351,295,190,485
5513,190,6,196
5559,225,67,292
5670,448,566,1014
5681,411,162,573
6091,243,3,246
6129,466,645,1111
6730,370,148,518
9861,332,175,507
7255,235,22,257
7756,275,189,464
9293,194,16,210
9450,364,351,715
9521,425,968,1393
3857,16,16,32
3621,358,188,546
3528,405,1726,2131
1121,309,138,447
2292,221,25,246
4496,268,62,330
4657,435,151,586
4867,282,175,457
7648,258,108,366
3196,277,16,293
3692,107,76,183
5912,275,177,452
8013,542,965,1507
1324,393,267,660
3996,30,43,73
5614,363,272,635
11912,22,32,54
7553,93,86,179
6720,10,14,24
7122,188,26,214
8517,324,193,517
161,19,22,41
7392,234,184,418
10461,380,479,859
8829,5,5,10
414,133,22,155
8961,110,12,122
3494,148,40,188
2742,10,27,37
4666,101,17,118
897,230,529,759
2402,132,34,166
6985,108,10,118
1417,194,55,249
1494,115,32,147
1497,106,12,118
1854,23,17,40
2289,121,5,126
2345,105,4,109
3886,92,1,93
4069,30,0,30
4432,125,37,162
4522,136,31,167
4556,110,13,123
8898,224,92,316
5171,99,13,112
5377,234,145,379
8713,109,19,128
5818,118,0,118
5887,111,4,115
5951,130,49,179
9837,112,17,129
6578,153,17,170
6679,131,26,157
7318,101,0,101
8165,91,16,107
8638,129,38,167
8928,115,40,155
9070,105,5,110
9163,472,394,866
9657,115,3,118
10399,145,26,171
447,14,0,14
11576,44,104,148
6918,237,72,309
2462,183,147,330
4099,182,4,186
12236,41,74,115
12427,46,74,120
11917,1,0,1
3894,7,3,10
10775,6,2,8
11617,55,80,135
5021,145,10,155
7316,28,15,43
2173,230,182,412
6367,192,191,383
122,15,7,22
323,6,3,9
9709,27,18,45
1623,66,67,133
2285,18,2,20
3087,10,0,10
3233,86,48,134
3465,48,48,96
4079,6,0,6
4107,7,1,8
4382,90,36,126
5793,8,3,11
6454,10,0,10
6541,10,14,24
6777,29,19,48
10772,6,0,6
8113,9,2,11
8132,23,20,43
8189,21,8,29
8855,12,8,20
9022,11,0,11
11059,136,79,215
5139,32,33,65
10390,108,137,245
4204,167,38,205
9867,124,33,157
6421,261,126,387
4859,143,56,199
5093,114,44,158
9541,139,84,223
4588,117,24,141
7839,139,79,218
2390,4,2,6
1626,124,15,139
2622,12,19,31
4715,49,39,88
1918,191,34,225
3449,244,494,738
4053,249,54,303
3963,200,24,224
3372,598,1442,2040
3377,20,18,38
2626,241,74,315
4118,216,117,333
10234,21,0,21
5324,4,0,4
10530,2,0,2
6019,12,2,14
10136,2,0,2
8457,11,0,11
9056,40,15,55
2361,227,59,286
7974,36,31,67
7672,97,13,110
5373,56,49,105
2104,138,85,223
1876,339,20,359
2998,14,2,16
3541,24,1,25
6768,83,12,95
5509,1,0,1
5952,218,15,233
6375,279,22,301
9257,14,7,21
6483,336,21,357
8894,102,13,115
1228,243,84,327
9741,157,45,202
8555,4,3,7
11511,73,142,215
10355,76,26,102
9695,31,36,67
12543,2,3,5
10664,152,45,197
10862,1,0,1
7475,75,11,86
7970,359,196,555
10034,156,48,204
2475,261,205,466
2797,195,27,222
10971,117,20,137
3005,216,160,376
103,102,24,126
10189,345,291,636
1008,108,24,132
12279,68,37,105
2000,99,16,115
2093,95,33,128
2954,241,221,462
2466,29,10,39
2927,367,288,655
3401,128,45,173
3524,76,17,93
3929,141,72,213
4062,123,54,177
4114,71,14,85
4131,124,66,190
4275,62,0,62
8193,92,17,109
5107,83,7,90
5227,87,14,101
5246,84,2,86
9104,242,170,412
5727,71,28,99
9499,75,2,77
6237,85,11,96
10432,136,54,190
6445,116,39,155
6567,87,24,111
6587,207,135,342
7085,73,1,74
7336,158,142,300
7696,381,354,735
8336,154,100,254
8646,87,1,88
8913,112,60,172
9096,94,20,114
9485,115,50,165
9487,369,673,1042
9544,368,316,684
11156,105,59,164
2682,668,603,1271
12622,9,8,17
8996,241,75,316
9988,84,55,139
2839,49,28,77
3180,59,28,87
6803,200,76,276
608,191,8,199
9822,191,27,218
3545,127,83,210
3072,9,13,22
8612,212,112,324
8628,187,17,204
9638,93,18,111
7206,170,30,200
2909,461,190,651
4377,472,447,919
2650,184,65,249
2826,246,146,392
3911,141,11,152
8896,190,4,194
8465,186,59,245
9573,237,220,457
3966,237,88,325
1882,250,102,352
994,100,32,132
7801,7,12,19
11941,191,114,305
784,154,54,208
7434,126,56,182
2223,114,29,143
2577,70,7,77
2769,99,5,104
9947,72,11,83
3634,78,44,122
4125,136,30,166
11106,83,29,112
4994,87,14,101
9624,560,734,1294
11388,76,17,93
5628,107,7,114
5966,97,41,138
10598,74,20,94
10419,97,9,106
10977,143,137,280
9237,118,41,159
9374,60,8,68
9475,544,517,1061
10057,87,16,103
10298,100,7,107
10437,90,6,96
3626,53,8,61
10303,50,7,57
7859,112,31,143
10428,69,28,97
9137,12,14,26
10776,28,35,63
11854,22,15,37
6890,9,8,17
5478,65,53,118
8735,22,32,54
9753,85,3,88
11074,59,75,134
11338,135,45,180
6045,19,5,24
5743,152,28,180
10418,59,16,75
8063,295,97,392
5267,3,0,3
4911,52,39,91
6965,26,0,26
5279,3,0,3
332,115,12,127
386,229,130,359
1138,162,55,217
11453,124,9,133
1420,55,4,59
10238,74,2,76
2138,145,33,178
2727,176,26,202
3378,103,19,122
4669,136,14,150
11877,101,6,107
8490,139,21,160
11587,94,21,115
5776,189,175,364
6820,140,51,191
7305,115,6,121
7786,113,4,117
7866,110,5,115
12402,98,28,126
8303,142,27,169
9126,168,20,188
11665,103,5,108
12035,183,119,302
9019,2,0,2
7335,8,4,12
11568,28,3,31
6495,42,9,51
7735,84,17,101
12394,20,5,25
9748,2,0,2
5928,4,0,4
4481,2,0,2
692,129,83,212
6862,62,28,90
5959,262,4,266
3086,61,88,149
6937,111,119,230
8364,1,0,1
5312,222,72,294
10301,189,102,291
8677,57,16,73
668,151,68,219
6300,132,99,231
4847,100,66,166
1410,86,49,135
1583,236,232,468
1662,122,77,199
1722,108,111,219
2247,42,16,58
2553,79,60,139
2699,55,29,84
2734,39,11,50
2747,26,2,28
2786,58,12,70
2850,146,98,244
3007,60,16,76
3055,56,30,86
3116,285,262,547
3215,173,84,257
3306,63,38,101
3948,133,141,274
4154,45,10,55
4341,468,531,999
4546,113,50,163
5184,39,10,49
10491,63,59,122
7980,33,2,35
7498,6,6,12
1530,51,129,180
7467,26,67,93
1451,281,115,396
80,5,0,5
6880,82,68,150
9524,9,0,9
2787,21,32,53
10088,17,18,35
12554,31,39,70
2387,10,1,11
8824,4,8,12
663,332,322,654
1993,271,147,418
2778,12,23,35
2315,8,5,13
6054,284,616,900
4576,17,17,34
12393,1,1,2
8134,38,4,42
9193,7,0,7
9598,146,33,179
6200,1,0,1
11596,85,81,166
4001,358,917,1275
10114,18,18,36
11636,16,24,40
8947,1,0,1
1386,19,6,25
7694,14,0,14
7702,23,0,23
8027,14,0,14
12101,36,101,137
9579,154,227,381
930,253,89,342
5633,631,523,1154
7280,174,3,177
6311,777,704,1481
3047,461,246,707
6222,476,239,715
5908,209,26,235
2144,141,5,146
1640,27,53,80
6980,541,578,1119
6539,323,58,381
6832,22,4,26
10958,54,3,57
8832,40,39,79
6279,167,207,374
9207,458,379,837
5000,255,20,275
2170,258,143,401
5536,195,32,227
6358,116,114,230
8235,219,757,976
1860,20,5,25
1283,95,184,279
381,15,8,23
1816,3,1,4
9361,77,144,221
3584,183,29,212
8135,217,69,286
6725,211,18,229
4681,232,33,265
6003,194,21,215
5125,214,50,264
6475,177,12,189
6099,191,4,195
4891,231,73,304
5946,255,113,368
8083,90,60,150
7017,374,282,656
1476,326,422,748
7962,3,9,12
4312,234,43,277
2331,1038,962,2000
5140,363,192,555
1148,191,79,270
7446,234,111,345
9569,232,401,633
10168,16,5,21
6688,12,10,22
3806,1,0,1
6102,474,1321,1795
126,332,56,388
12150,213,32,245
493,343,278,621
883,385,1027,1412
1100,262,31,293
1446,310,0,310
10687,318,72,390
2082,365,45,410
9009,174,17,191
2658,252,2,254
2748,302,335,637
2975,501,588,1089
3596,332,0,332
3807,328,12,340
5835,340,417,757
5995,384,268,652
6394,260,5,265
6642,333,185,518
6978,353,19,372
7035,349,187,536
7988,298,69,367
8066,292,17,309
8785,262,19,281
9054,300,36,336
9345,359,75,434
9582,226,2,228
12305,254,37,291
10756,344,4,348
1358,193,7,200
12183,38,1,39
9347,195,113,308
8290,91,61,152
1252,28,19,47
944,50,1,51
1743,83,1,84
2168,72,5,77
3834,17,1,18
6404,87,10,97
6492,150,19,169
12511,40,13,53
504,308,1561,1869
889,107,185,292
6,110,220,330
10039,62,6,68
407,138,892,1030
6500,2,0,2
6626,464,584,1048
7814,181,9,190
1531,345,177,522
1389,189,47,236
1791,201,34,235
2171,171,15,186
2819,234,43,277
2982,323,203,526
3490,246,121,367
3599,281,475,756
3703,176,28,204
3959,165,18,183
4603,329,121,450
4766,189,0,189
4928,275,38,313
4949,206,27,233
5243,183,46,229
5254,209,33,242
5282,214,32,246
5407,232,4,236
9462,194,48,242
6037,140,12,152
6686,245,43,288
7119,219,11,230
7664,207,11,218
8040,217,42,259
9762,215,38,253
8548,301,75,376
8816,191,26,217
8939,212,22,234
9150,759,585,1344
6023,126,48,174
4631,9,5,14
753,440,307,747
8257,33,7,40
6269,1,0,1
6655,298,146,444
8901,15,13,28
11775,44,45,89
7948,66,64,130
7568,18,18,36
1959,166,38,204
3614,150,49,199
1863,81,15,96
12352,7,13,20
1871,10,12,22
11944,24,18,42
10277,1,0,1
7342,5,3,8
5212,112,127,239
11743,3,0,3
7187,1,0,1
10085,36,11,47
3049,13,33,46
3818,23,8,31
510,140,196,336
302,73,26,99
2071,62,18,80
1987,89,29,118
1669,347,233,580
615,126,78,204
6591,400,225,625
6016,2,0,2
7320,85,3,88
1225,161,138,299
3783,115,92,207
4412,125,72,197
9053,279,286,565
1212,159,159,318
11570,76,17,93
3833,76,32,108
1192,138,58,196
7869,92,42,134
1499,153,175,328
7370,85,38,123
199,57,0,57
295,60,8,68
298,67,11,78
743,66,4,70
1073,125,41,166
1145,95,27,122
1147,97,38,135
1527,64,32,96
1859,77,20,97
1879,73,9,82
2804,86,20,106
10783,80,38,118
3586,89,26,115
4012,55,8,63
10122,87,39,126
7153,44,13,57
7282,62,6,68
7551,72,9,81
8460,57,18,75
9074,90,30,120
557,592,603,1195
2580,142,54,196
5134,67,8,75
8823,2,1,3
3404,2,0,2
8531,163,26,189
3488,1,7,8
6826,179,101,280
12597,8,10,18
9804,81,37,118
10944,71,93,164
2478,89,4,93
2897,341,259,600
4504,336,149,485
1074,230,65,295
687,270,135,405
1485,1,0,1
1323,225,94,319
6795,185,36,221
2258,387,239,626
3429,172,49,221
7576,251,121,372
1925,1137,1006,2143
3712,356,239,595
1096,281,146,427
8424,443,421,864
1256,3,3,6
1082,7,4,11
8337,82,31,113
3907,70,38,108
8408,228,69,297
142,225,49,274
306,356,120,476
2120,260,72,332
2587,176,49,225
6690,256,206,462
7580,115,0,115
9522,177,185,362
10878,177,42,219
10452,235,77,312
1124,293,99,392
7663,99,19,118
8406,263,107,370
2970,6,5,11
618,2,0,2
3943,88,89,177
3978,208,362,570
3282,179,100,279
49,1,0,1
3847,99,22,121
3854,108,58,166
3856,119,99,218
3960,64,44,108
4252,54,77,131
4488,71,5,76
5089,66,77,143
5288,85,122,207
5556,81,14,95
6243,152,100,252
6467,90,55,145
6577,71,6,77
6589,103,8,111
6916,85,34,119
6971,91,59,150
8569,65,9,74
9300,105,40,145
9339,69,15,84
5181,415,301,716
8598,193,280,473
354,133,59,192
1857,67,0,67
12576,30,25,55
12553,13,31,44
10699,8,0,8
1044,80,43,123
11099,2,8,10
10568,9,1,10
10291,67,61,128
11961,1,0,1
760,171,100,271
7237,1,0,1
1321,139,17,156
2349,146,11,157
2887,237,102,339
2960,209,52,261
4146,143,4,147
5053,172,52,224
5059,197,87,284
5320,204,1,205
5416,152,20,172
5450,164,22,186
6818,202,57,259
3761,190,40,230
6248,102,10,112
3467,16,15,31
425,170,18,188
9800,17,16,33
3502,9,7,16
1606,267,120,387
8623,18,15,33
4094,40,69,109
700,36,5,41
25,26,1,27
458,39,5,44
1132,4,0,4
10191,48,17,65
3281,40,18,58
4110,255,279,534
3413,35,25,60
830,80,18,98
1466,37,7,44
2505,25,5,30
2547,49,40,89
11813,29,6,35
11644,16,8,24
6224,56,58,114
11684,36,8,44
12196,173,214,387
8347,121,74,195
8318,80,9,89
9588,86,40,126
10849,38,3,41
10528,24,0,24
12200,21,34,55
10584,76,41,117
6742,6,6,12
8936,58,15,73
10133,6,4,10
10228,73,93,166
128,171,58,229
10908,104,131,235
2831,204,36,240
585,11,21,32
4981,16,12,28
12311,6,9,15
12685,5,3,8
2380,84,112,196
3369,218,59,277
330,206,68,274
188,209,25,234
521,231,83,314
6355,180,32,212
9188,161,35,196
9648,202,22,224
5578,250,78,328
15,97,28,125
29,64,13,77
73,50,4,54
339,37,4,41
822,70,6,76
4584,56,15,71
4742,13,9,22
7984,8,0,8
8230,62,7,69
9140,13,2,15
913,16,2,18
7803,190,31,221
6712,149,36,185
9199,3,0,3
8602,4,0,4
7126,7,2,9
4713,139,15,154
9597,4,1,5
11304,1,0,1
10923,1,0,1
12485,9,26,35
11806,2,5,7
3492,9,4,13
3435,75,82,157
2403,168,188,356
5333,300,120,420
2873,230,38,268
4691,309,139,448
1668,254,293,547
7252,95,0,95
1733,135,1,136
11537,82,11,93
10254,90,110,200
1961,148,119,267
1747,228,59,287
9945,9,17,26
1964,172,6,178
7673,361,328,689
11650,1,3,4
12233,31,33,64
271,63,12,75
5759,7,9,16
9818,7,0,7
11664,1,0,1
5876,59,22,81
5929,54,28,82
9044,11,4,15
9444,97,76,173
8091,79,70,149
6362,77,38,115
741,85,100,185
7155,16,16,32
441,6,1,7
6104,4,1,5
6540,5,2,7
6653,10,3,13
6700,9,8,17
8428,3,1,4
11133,10,4,14
10653,13,1,14
9261,6,2,8
4420,21,20,41
7797,564,654,1218
2465,2,1,3
2074,16,14,30
12588,6,8,14
9002,52,0,52
56,68,0,68
797,148,34,182
5673,5,5,10
9335,177,105,282
206,84,14,98
2452,91,17,108
11718,69,26,95
4547,117,26,143
6163,82,22,104
6339,87,17,104
7879,92,0,92
8261,86,29,115
10967,92,8,100
8624,82,5,87
9283,73,130,203
9457,216,64,280
9560,107,0,107
7281,75,19,94
10459,40,4,44
3098,40,6,46
11993,3,4,7
11869,17,21,38
10134,4,2,6
11894,21,10,31
11486,3,4,7
10126,21,13,34
296,580,712,1292
10928,2,2,4
10927,15,10,25
9535,38,28,66
2851,13,8,21
8854,7,7,14
7594,4,11,15
629,81,15,96
12406,12,16,28
12405,11,13,24
12435,38,44,82
12505,3,0,3
6555,212,6,218
6954,56,44,100
8444,50,23,73
7828,6,6,12
6711,198,8,206
10565,11,13,24
12128,5,7,12
12294,6,8,14
11909,23,49,72
6977,12,0,12
12182,21,26,47
2182,40,18,58
11892,13,9,22
4365,41,67,108
7670,4,0,4
5338,57,2,59
3069,72,76,148
11878,9,9,18
476,146,64,210
11950,3,5,8
308,119,38,157
4050,9,4,13
2617,10,5,15
9832,3,0,3
7096,1,0,1
10185,94,31,125
11398,14,2,16
11064,24,30,54
9307,12,22,34
9981,1,2,3
9458,1,0,1
9483,183,18,201
9613,25,4,29
8357,300,83,383
10358,42,27,69
7890,189,79,268
8951,98,4,102
5865,198,20,218
12146,16,26,42
4999,9,3,12
3544,90,71,161
803,20,15,35
12313,10,7,17
2636,12,19,31
8295,22,12,34
1243,67,61,128
2770,214,53,267
3518,30,37,67
2435,14,2,16
11848,11,0,11
4783,30,21,51
5024,22,1,23
7863,18,7,25
8025,34,9,43
8560,15,1,16
8761,32,18,50
10791,19,8,27
9408,29,39,68
1685,12,5,17
232,28,14,42
7393,11,4,15
5443,29,20,49
922,25,18,43
10646,12,17,29
12429,4,2,6
10445,8,14,22
2934,195,68,263
213,68,4,72
8256,17,23,40
1967,6,2,8
2815,3,2,5
1351,40,20,60
8443,786,617,1403
21,141,17,158
2496,151,3,154
3078,180,31,211
4364,161,17,178
4524,151,19,170
5948,148,0,148
256,66,38,104
1208,197,7,204
1508,150,0,150
1731,104,50,154
2035,178,30,208
5557,208,0,208
6703,91,0,91
6790,238,13,251
7817,79,42,121
6246,58,50,108
4615,31,23,54
8807,47,58,105
11157,47,76,123
5262,2,0,2
7846,171,7,178
2346,99,19,118
3768,88,6,94
3428,6,2,8
10570,68,46,114
1242,85,49,134
153,94,62,156
368,75,12,87
380,109,36,145
451,94,27,121
628,152,57,209
875,95,23,118
941,149,108,257
1104,65,18,83
1245,52,4,56
1504,64,9,73
3217,60,7,67
4033,67,16,83
6229,58,3,61
6830,61,3,64
6834,84,27,111
136,28,2,30
196,46,27,73
401,35,3,38
1368,42,5,47
2375,55,16,71
4124,24,0,24
12371,103,82,185
12190,26,45,71
11562,12,19,31
5522,6,2,8
12199,117,131,248
12106,2,5,7
7724,70,47,117
11026,11,11,22
10865,1,0,1
3238,3,4,7
2616,191,38,229
9203,3,0,3
8136,184,21,205
939,212,9,221
1013,208,20,228
1056,258,86,344
1154,261,56,317
4104,177,8,185
5192,65,7,72
5366,7,0,7
7573,95,2,97
961,245,211,456
3231,13,19,32
10231,14,14,28
12004,11,10,21
12095,48,58,106
12017,1,1,2
12099,11,19,30
3938,197,18,215
8715,7,0,7
10367,26,5,31
704,103,2,105
12702,4,4,8
1911,26,21,47
2598,2,0,2
12504,3,4,7
4600,75,21,96
12046,51,83,134
12479,9,6,15
7130,12,5,17
9546,5,0,5
7595,31,27,58
5775,52,108,160
12425,2,1,3
11524,22,25,47
1632,64,3,67
12180,6,5,11
5913,74,33,107
11858,56,14,70
2538,232,44,276
12680,38,38,76
9948,242,9,251
7741,21,6,27
12510,4,5,9
10494,20,17,37
3325,21,18,39
12549,14,29,43
12325,6,14,20
12091,36,8,44
8581,61,19,80
11778,7,7,14
11085,80,41,121
12068,30,21,51
12088,33,5,38
529,74,58,132
10521,37,1,38
5092,96,72,168
5240,36,4,40
10886,86,85,171
12089,38,23,61
10586,41,9,50
11752,54,20,74
7827,34,7,41
8477,62,12,74
9448,69,46,115
10649,40,21,61
10651,36,7,43
11934,19,6,25
6992,28,3,31
5361,27,10,37
10008,10,1,11
10026,27,1,28
12203,65,85,150
891,2,1,3
10382,2,3,5
2984,98,120,218
12309,6,5,11
12675,16,18,34
9911,3,1,4
9059,40,5,45
12288,3,3,6
12590,1,0,1
12659,4,7,11
9618,27,8,35
9016,72,31,103
12235,47,60,107
12297,37,38,75
10395,14,21,35
5808,16,6,22
4336,80,0,80
1301,256,72,328
1357,413,371,784
2123,408,213,621
1937,241,101,342
11584,7,5,12
1492,194,19,213
7506,160,8,168
1517,245,21,266
1568,217,34,251
2089,197,20,217
2119,224,91,315
2272,177,8,185
2342,204,3,207
2359,222,124,346
2516,201,23,224
2670,172,12,184
2692,201,12,213
3489,223,11,234
3511,209,110,319
4141,268,113,381
8311,136,3,139
328,136,10,146
844,1,0,1
1737,80,0,80
3439,106,0,106
3531,3,0,3
4140,96,0,96
5851,63,216,279
11697,2,2,4
9170,19,19,38
10411,19,25,44
2656,76,28,104
6087,354,543,897
2166,93,46,139
4313,79,38,117
4656,54,1,55
11332,100,55,155
10721,49,43,92
10778,137,68,205
7853,66,43,109
10082,56,1,57
3607,7,4,11
6211,30,48,78
11383,49,29,78
7484,7,12,19
5400,2,0,2
10735,34,4,38
1317,167,8,175
1470,207,12,219
1907,71,2,73
2264,193,6,199
2939,166,6,172
4444,205,44,249
4955,48,4,52
5630,208,34,242
7638,209,12,221
9788,194,28,222
2424,7,3,10
11900,4,5,9
10751,2,3,5
11768,2,0,2
12434,3,3,6
12266,2,2,4
6659,1,2,3
6553,52,37,89
7897,5,5,10
384,74,9,83
11530,53,75,128
2194,19,15,34
2314,71,42,113
2987,2,0,2
2986,2,3,5
956,1,0,1
9200,12,10,22
11496,29,0,29
11178,47,8,55
5217,22,7,29
7693,16,24,40
11734,20,27,47
9110,26,20,46
12241,9,8,17
12005,10,18,28
11242,64,32,96
8719,14,4,18
11699,1,5,6
12736,3,3,6
4763,22,10,32
10232,15,12,27
3163,8,1,9
4553,66,2,68
5090,41,1,42
5648,19,0,19
6319,109,8,117
10903,31,8,39
9717,10,6,16
7826,19,14,33
11381,45,35,80
2833,3,3,6
418,8,9,17
9985,54,36,90
11691,16,0,16
11559,71,35,106
11728,10,0,10
4415,85,0,85
7727,1,0,1
8938,37,3,40
5155,77,14,91
6480,59,3,62
8524,46,10,56
9389,95,33,128
10484,46,66,112
9845,17,0,17
1471,11,4,15
12055,39,32,71
10668,8,7,15
12462,2,1,3
12159,4,0,4
12173,2,1,3
11964,10,1,11
11769,6,4,10
12535,2,0,2
12490,4,9,13
10556,1,0,1
6447,28,3,31
8576,42,50,92
6225,3,0,3
1845,3,3,6
11325,18,9,27
10925,15,15,30
9447,4,2,6
5662,16,6,22
12083,3,4,7
12342,20,22,42
2674,40,40,80
9834,6,1,7
10006,7,4,11
11461,35,38,73
11234,25,31,56
12071,2,1,3
12165,17,17,34
8143,11,2,13
2557,50,22,72
781,13,0,13
2574,7,9,16
12587,1,2,3
1457,24,6,30
12174,18,43,61
10074,11,11,22
12381,2,5,7
4825,4,4,8
1374,6,3,9
12230,9,3,12
12065,64,33,97
12051,1,0,1
12547,30,23,53
12109,8,4,12
12096,3,0,3
2974,1,0,1
8315,49,42,91
12334,3,6,9
12011,1,1,2
3151,12,12,24
11231,1,0,1
12532,3,1,4
7269,13,14,27
1584,34,7,41
4519,33,6,39
5402,54,14,68
8852,17,16,33
6854,42,24,66
6113,39,17,56
3523,36,22,58
8692,25,0,25
11643,42,33,75
2043,26,3,29
2180,45,27,72
11114,38,22,60
11817,44,21,65
3968,36,21,57
10242,32,4,36
4624,16,3,19
4878,29,2,31
11044,17,18,35
5607,12,7,19
6010,32,16,48
12250,17,7,24
6328,33,3,36
7737,20,3,23
8149,51,14,65
8321,29,9,38
8520,36,7,43
9135,46,22,68
9492,17,10,27
11533,30,8,38
11591,18,9,27
3780,31,18,49
9141,6,5,11
8793,16,5,21
7583,1,0,1
6118,20,0,20
10161,25,4,29
824,8,0,8
8724,7,1,8
8088,9,4,13
11604,6,6,12
11263,5,0,5
9222,4,0,4
8969,9,11,20
10604,22,12,34
8098,4,6,10
12037,18,11,29
3880,21,43,64
12407,1,0,1
7295,2,0,2
2328,3,5,8
2284,12,0,12
12516,7,2,9
12541,55,64,119
12653,4,3,7
183,3,1,4
1337,143,34,177
2782,113,6,119
5050,190,68,258
7427,22,17,39
2836,2,2,4
6729,115,94,209
10421,2,0,2
11647,4,0,4
684,3,0,3
8047,7,0,7
9653,15,21,36
1935,51,30,81
10894,22,1,23
5511,71,43,114
7822,27,11,38
9652,29,6,35
1034,6,2,8
12257,5,7,12
12448,3,5,8
12513,12,47,59
10657,64,45,109
1405,8,0,8
672,1,0,1
4457,3,1,4
6713,1,0,1
11748,3,6,9
12141,8,3,11
11795,8,3,11
12006,2,1,3
5524,5,9,14
12452,4,8,12
12143,3,6,9
9075,7,4,11
12387,2,2,4
9857,7,6,13
7564,3,8,11
11405,2,0,2
12691,9,6,15
11012,1,0,1
9313,8,5,13
10913,14,12,26
12160,13,24,37
12335,64,94,158
7515,4,3,7
4517,1,3,4
6431,25,42,67
4224,18,24,42
11067,7,8,15
9798,25,23,48
11320,67,49,116
11365,2,0,2
4349,1,0,1
5507,1,0,1
11602,3,1,4
1577,1,0,1
9870,1,0,1
1084,1,0,1
3628,1,0,1
449,77,79,156
11581,1,6,7
3642,5,0,5
5116,2,0,2
11173,18,9,27
4160,1,0,1
11505,13,18,31
11029,3,1,4
9671,13,14,27
10822,2,2,4
10149,4,7,11
10345,7,1,8
720,9,3,12
2807,9,9,18
4195,9,11,20
12382,1,1,2
12343,12,15,27
2266,17,11,28
3485,3,0,3
4736,9,0,9
1067,3,0,3
1889,11,3,14
385,1,1,2
4852,1,0,1
5180,1,0,1
12495,20,23,43
4922,1,0,1
12312,3,2,5
12239,1,0,1
8956,10,5,15
12670,11,11,22
12437,11,12,23
12108,3,3,6
11884,2,2,4
8610,31,41,72
4871,16,4,20
10103,8,8,16
11962,5,10,15
10302,25,42,67
11426,3,4,7
9322,46,46,92
8425,4,1,5
669,4,5,9
2585,13,8,21
12440,5,6,11
4166,9,6,15
7071,10,17,27
6513,9,4,13
7123,2,0,2
12474,6,12,18
11746,7,10,17
2546,5,0,5
2908,2,0,2
986,30,2,32
3660,16,31,47
12581,4,3,7
12361,1,1,2
1346,6,8,14
11851,8,8,16
3785,10,0,10
3816,13,0,13
6771,13,7,20
11919,7,3,10
8223,8,0,8
9761,13,4,17
9795,19,4,23
9797,13,2,15
10676,7,0,7
1676,2,0,2
3354,2,0,2
4466,2,0,2
9990,4,0,4
402,1,0,1
9875,1,1,2
11698,1,4,5
12446,3,8,11
316,5,0,5
6196,5,5,10
998,10,2,12
5521,9,1,10
6304,1,0,1
4286,6,6,12
10947,11,8,19
9851,8,12,20
9707,13,12,25
7544,6,1,7
6843,2,0,2
5660,1,0,1
12300,1,2,3
11502,3,1,4
12162,1,2,3
9376,4,3,7
9782,26,25,51
9355,13,19,32
733,1,0,1
1381,1,0,1
10225,2,2,4
3175,19,19,38
3994,2,1,3
11729,5,4,9
3890,2,0,2
816,2,0,2
4828,1,0,1
5582,16,21,37
12533,7,7,14
1384,1,0,1
5693,1,0,1
11265,8,3,11
9983,25,23,48
10251,26,29,55
10037,2,0,2
11921,4,2,6
9884,3,1,4
10130,9,8,17
1697,10,2,12
8676,7,5,12
10105,3,2,5
8506,1,0,1
8079,7,5,12
9254,5,0,5
7251,3,2,5
634,1,1,2
6351,1,0,1
6926,1,0,1
9705,1,0,1
7753,2,0,2
10169,5,4,9
11056,1,2,3
11872,2,0,2
12003,2,3,5
10660,8,7,15
11235,2,0,2
10029,3,5,8
11186,1,0,1
8905,11,14,25
8752,9,6,15
6806,3,0,3
11054,2,1,3
11850,2,7,9
9735,1,2,3
12306,21,24,45
3504,1,0,1
12607,1,2,3
12353,2,0,2
8244,3,0,3
1716,77,57,134
1091,1,0,1
9917,2,2,4
7376,1,1,2
8345,1,0,1
10364,1,0,1
2948,1,0,1
2124,6,6,12
10391,11,0,11
1366,1,0,1
11580,1,7,8
2282,2,0,2
35,3,0,3
7680,1,0,1
1306,3,0,3
3178,1,0,1
8616,1,0,1
8699,4,0,4
5722,1,0,1
7951,3,0,3
5047,4,0,4
8514,2,1,3
3089,1,0,1
984,2,1,3
8102,4,2,6
8644,7,9,16
9192,4,0,4
10812,2,0,2
10839,5,0,5
4500,8,1,9
1590,1,0,1
6427,1,0,1
4708,4,0,4
9480,2,1,3
6282,2,0,2
7782,2,0,2
1850,1,0,1
9838,1,0,1
10583,1,0,1
10310,1,0,1
10910,1,5,6
6798,3,0,3
8570,6,0,6
8880,9,2,11
5862,5,0,5
7908,5,0,5
2662,2,0,2
9595,2,0,2
7379,5,0,5
11371,1,0,1
4424,4,0,4
2680,2,0,2
9460,1,0,1
4800,1,0,1
3004,2,2,4
4802,1,0,1
7721,1,0,1
6761,2,0,2
958,1,0,1
9742,2,0,2
2740,10,0,10
8285,2,0,2
3811,2,0,2
12390,5,13,18
7118,14,2,16
8859,12,1,13
1062,6,3,9
11318,8,7,15
7874,1,0,1
10080,2,2,4
6176,1,0,1
7725,2,0,2
6320,1,0,1
12286,2,3,5
12514,6,0,6
4926,43,54,97
9093,1,0,1
9221,29,15,44
8058,18,14,32
1022,63,5,68
2425,6,10,16
8190,30,16,46
8096,5,2,7
7884,1,1,2
290,5,5,10
9664,19,21,40
11603,4,0,4
10795,17,8,25
11330,16,12,28
5276,28,29,57
11927,7,14,21
12354,3,3,6
10800,32,40,72
12674,1,0,1
4404,2,0,2
12562,1,0,1
4937,1,0,1
5713,51,19,70
5437,2,1,3
12345,1,10,11
12626,1,1,2
12133,4,3,7
10932,10,8,18
11903,13,4,17
11883,6,1,7
11887,6,0,6
12060,4,3,7
6451,43,116,159
12283,1,3,4
12441,1,3,4
4775,72,8,80
10279,3,3,6
12347,81,73,154
12688,2,2,4
11363,3,0,3
12606,10,21,31
12395,4,4,8
10463,28,38,66
10632,9,4,13
12073,5,12,17
12119,1,0,1
10342,1,3,4
7163,3,0,3
7607,1,0,1
6871,14,2,16
8283,1,4,5
12330,25,18,43
12252,1,0,1
12328,5,7,12
7830,4,1,5
2594,8,2,10
10190,14,4,18
1809,5,4,9
10889,21,16,37
2749,19,12,31
3587,19,16,35
7718,11,7,18
10883,13,5,18
2746,16,11,27
2640,12,15,27
2110,1,0,1
2679,1,0,1
3462,1,0,1
3557,1,0,1
7687,1,0,1
7540,1,0,1
11039,2,0,2
8968,1,0,1
10151,4,0,4
10945,5,5,10
12467,2,1,3
5259,1,0,1
10754,1,0,1
6281,5,7,12
12100,10,12,22
12273,3,7,10
8060,1,0,1
12098,2,2,4
8273,1,0,1
8061,2,1,3
12116,2,1,3
112,9,0,9
7722,5,3,8
8920,4,4,8
12567,1,2,3
8608,1,0,1
5817,2,1,3
7197,4,5,9
10948,1,3,4
10563,0,2,2
2295,1,3,4
11754,2,0,2
12419,1,0,1
1677,3,0,3
1570,1,0,1
8011,2,0,2
6784,1,0,1
5774,2,0,2
12617,1,1,2
11715,9,17,26
12195,8,12,20
11392,3,0,3
12690,4,4,8
12695,1,0,1
4461,7,3,10
1128,6,3,9
11996,1,3,4
5983,3,0,3
9599,8,1,9
12282,4,15,19
12175,6,4,10
12338,8,5,13
12570,22,25,47
12082,5,5,10
12181,13,18,31
7558,3,0,3
12320,6,11,17
5980,26,4,30
5755,23,0,23
3617,1,0,1
9843,2,0,2
8085,2,0,2
5863,1,2,3
12444,5,4,9
12519,5,5,10
3261,2,0,2
10675,1,0,1
7563,1,1,2
5916,10,2,12
9848,1,0,1
7542,1,0,1
12564,8,2,10
12574,12,3,15
12520,8,8,16
12657,1,0,1
12650,1,1,2
12577,24,20,44
4048,1,1,2
12316,1,0,1
8489,19,20,39
11516,16,15,31
9819,4,0,4
5175,29,19,48
9953,1,0,1
4747,5,5,10
6381,1,0,1
12384,6,2,8
4225,6,5,11
4835,11,9,20
6433,2,2,4
7665,1,0,1
7994,1,3,4
4462,8,5,13
4246,30,22,52
3081,4,0,4
12658,1,1,2
9279,13,14,27
10785,8,8,16
12164,9,6,15
6743,12,6,18
6218,4,0,4
1613,6,0,6
5686,4,0,4
6073,3,0,3
6247,3,0,3
6491,4,0,4
6649,5,0,5
6792,3,0,3
7228,2,0,2
11652,1,0,1
11391,2,0,2
11931,5,0,5
11649,1,0,1
11244,1,0,1
10131,1,0,1
10360,1,0,1
10181,1,0,1
12111,1,2,3
12558,1,0,1
10019,9,5,14
7835,1,2,3
11662,1,0,1
1382,3,2,5
8180,1,0,1
10987,6,3,9
7373,1,0,1
139,1,1,2
3777,2,3,5
9667,7,4,11
12349,2,5,7
12337,9,15,24
12227,4,5,9
12604,2,4,6
12323,1,0,1
12222,1,0,1
11880,2,0,2
10405,9,3,12
5110,5,2,7
6515,3,0,3
10606,2,1,3
7172,1,0,1
3316,2,0,2
12295,2,0,2
12029,1,0,1
12225,1,0,1
12373,3,0,3
2862,1,0,1
9932,0,4,4
12408,12,8,20
8407,7,0,7
7713,8,10,18
1288,3,0,3
951,2,3,5
4255,2,2,4
10000,1,0,1
2936,1,0,1
9478,4,0,4
10724,3,0,3
9698,9,1,10
11740,1,0,1
2313,2,0,2
1552,1,0,1
5568,4,1,5
9491,1,1,2
2048,5,2,7
2078,5,0,5
3817,6,0,6
7857,6,0,6
4705,5,1,6
7299,6,0,6
817,4,3,7
6911,1,1,2
11751,0,1,1
12396,3,1,4
11184,1,0,1
11890,0,1,1
11953,1,0,1
8647,2,8,10
2256,3,1,4
12044,0,2,2
3709,0,1,1
9959,1,0,1
11287,1,0,1
2488,4,9,13
11528,0,1,1
12076,1,2,3
5938,1,1,2
10823,1,1,2
11920,0,1,1
8619,4,1,5
5473,5,0,5
10433,4,0,4
3109,1,1,2
200,2,0,2
7858,1,0,1
12140,2,1,3
11151,9,7,16
10798,1,7,8
11984,0,1,1
12086,0,1,1
11512,2,1,3
10904,2,1,3
12077,2,0,2
12002,2,0,2
12064,1,2,3
12176,5,6,11
12386,1,0,1
2372,3,2,5
8596,2,0,2
5658,1,0,1
10311,0,4,4
11407,3,4,7
12409,0,1,1
9417,0,2,2
12007,0,1,1
11354,1,0,1
10444,1,1,2
10692,2,0,2
7476,0,8,8
2471,1,4,5
12696,3,1,4
11978,2,2,4
9097,1,0,1
8908,0,1,1
11377,0,3,3
12417,0,2,2
11545,0,3,3
1891,0,2,2
7473,2,0,2
12377,0,1,1
11822,0,1,1
12397,0,3,3
2871,1,0,1
2621,1,0,1
12010,0,3,3
469,0,1,1
11337,4,0,4
11874,2,0,2
7500,3,0,3
12206,2,2,4
11889,4,3,7
12223,2,2,4
11206,2,0,2
6772,0,1,1
5144,3,3,6
9318,0,2,2
8841,1,1,2
4228,1,0,1
12586,0,1,1
11506,0,1,1
12432,0,1,1
1963,0,3,3
2004,0,1,1
11897,0,1,1
12045,0,1,1
12124,0,3,3
8495,1,0,1
12614,0,1,1
5091,0,1,1
12431,0,1,1
11700,1,0,1
10520,0,4,4
12521,2,0,2
12515,1,3,4
2904,0,3,3
12247,1,1,2
12249,0,4,4
11514,0,2,2
11990,0,3,3
11987,0,1,1
11994,0,2,2
12194,0,1,1
11860,0,1,1
12484,0,1,1
12456,0,1,1
6181,4,7,11
6172,7,5,12
12548,2,2,4
12565,0,1,1
12218,1,0,1
12550,0,2,2
12651,0,1,1
12612,0,2,2
11592,0,1,1
12697,0,1,1
12704,0,1,1
12708,0,1,1
12669,0,1,1
12686,0,1,1
12687,0,1,1
12628,0,2,2
9681,0,2,2
11419,0,1,1
12508,0,2,2
12122,1,0,1
12582,0,1,1
5891,0,3,3
10906,0,1,1
2263,1,0,1
12304,0,1,1
3497,1,0,1
12258,1,1,2
12216,2,1,3
11102,0,1,1
6401,0,1,1
5883,1,0,1
11009,0,2,2
12383,0,1,1
12179,0,2,2
12278,0,1,1
12254,0,2,2
12267,0,1,1
12268,0,1,1
11703,0,1,1
7356,0,1,1
12355,0,4,4
12362,0,2,2
12631,0,1,1
12726,0,6,6
12616,1,0,1
12621,1,0,1
12442,1,0,1
12615,1,0,1
12723,0,1,1
10857,1,0,1
3183,0,1,1
12620,0,3,3
12664,0,1,1
