node,in-degree,out-degree,edge-count
5514,284,295,579
4338,377,306,683
800,934,908,1842
1633,25,19,44
8235,373,399,772
3725,607,432,1039
296,693,819,1512
5536,97,109,206
5028,473,513,986
3576,325,308,633
2414,161,163,324
31,1067,1053,2120
1879,266,289,555
5578,46,53,99
9102,269,218,487
5140,159,171,330
628,115,113,228
5000,756,753,1509
4460,13,2,15
151,542,244,786
6222,746,742,1488
10935,405,407,812
3218,232,284,516
1560,264,274,538
6587,913,916,1829
2650,93,120,213
1752,28,28,56
2503,239,244,483
2959,305,318,623
11892,82,91,173
7035,186,149,335
140,1147,1207,2354
5187,110,117,227
10646,113,112,225
4546,323,363,686
932,309,300,609
2478,606,610,1216
8561,12,12,24
504,369,568,937
9498,191,193,384
7434,47,85,132
7692,221,207,428
4552,272,272,544
12071,53,32,85
552,14,5,19
7446,395,520,915
2377,555,552,1107
3924,419,434,853
7830,54,54,108
4522,148,147,295
4633,580,665,1245
9504,10,8,18
7176,396,415,811
6877,128,134,262
391,1174,1112,2286
4312,213,504,717
3233,326,331,657
6311,362,395,757
6880,111,108,219
4000,364,371,735
3401,526,528,1054
5288,39,43,82
3621,756,769,1525
6371,159,77,236
5511,97,127,224
6301,44,68,112
8084,54,70,124
5361,54,54,108
7539,230,228,458
10061,258,192,450
8992,358,353,711
7934,11,51,62
4258,508,461,969
3738,612,634,1246
774,811,839,1650
7214,64,64,128
2083,128,102,230
1942,148,146,294
1446,62,63,125
3868,36,20,56
6102,320,310,630
7648,144,171,315
10798,12,13,25
6795,146,153,299
9589,289,296,585
6758,564,522,1086
6690,327,174,501
2200,376,1907,2283
9523,23,20,43
1324,275,290,565
9450,983,987,1970
9483,186,219,405
10071,29,29,58
6451,60,59,119
1147,85,46,131
6971,80,50,130
2514,719,751,1470
3088,21,24,45
1909,161,115,276
10650,422,416,838
8647,2,5,7
1317,192,192,384
4622,1578,1571,3149
2850,54,49,103
1376,251,224,475
5053,98,95,193
5574,308,402,710
5736,302,303,605
4523,2587,1439,4026
5166,324,309,633
5969,88,87,175
4377,289,291,580
7454,368,512,880
4708,31,31,62
4547,247,247,494
12279,89,38,127
9457,338,317,655
11596,137,129,266
7403,920,949,1869
8932,520,525,1045
11469,417,381,798
1071,1318,1484,2802
10134,170,170,340
4064,496,411,907
4016,1908,1906,3814
7162,1454,1344,2798
759,708,762,1470
1088,347,412,759
1583,219,248,467
4328,133,149,282
12196,178,170,348
4532,376,362,738
2891,577,164,741
6580,238,245,483
4406,184,196,380
6346,469,484,953
4669,57,96,153
6380,729,684,1413
8931,456,471,927
3614,49,49,98
2470,303,299,602
11718,295,142,437
10216,70,73,143
8737,238,181,419
2758,289,247,536
9215,173,53,226
5615,49,38,87
3793,733,749,1482
8835,154,154,308
8581,100,98,198
5865,623,740,1363
1258,1957,1991,3948
62,44,89,133
921,1342,1358,2700
2063,1075,1021,2096
2620,49,99,148
3539,30,35,65
1151,775,787,1562
4298,447,308,755
1337,126,145,271
4691,415,419,834
8339,237,224,461
2457,169,207,376
6957,557,453,1010
4480,148,139,287
10189,773,777,1550
2934,481,489,970
10461,583,650,1233
8898,803,803,1606
11059,227,234,461
2265,854,882,1736
4370,1189,1174,2363
8646,16,16,32
6191,64,87,151
9155,42,45,87
1554,11,12,23
10491,204,208,412
124,172,173,345
11398,521,521,1042
2925,96,90,186
2370,734,646,1380
8806,1426,1366,2792
9181,317,340,657
9064,78,85,163
12035,108,121,229
5527,280,373,653
12091,56,45,101
10460,655,657,1312
7179,379,406,785
1153,210,231,441
663,842,836,1678
7467,54,52,106
11602,52,52,104
7735,121,99,220
7651,806,893,1699
1208,290,290,580
10565,38,50,88
8517,355,340,695
1417,296,284,580
3044,201,214,415
2984,68,88,156
1481,836,850,1686
7213,107,118,225
4888,187,193,380
3885,528,499,1027
4621,466,327,793
8638,144,165,309
10301,99,112,211
6431,37,33,70
1640,80,91,171
6336,38,37,75
1673,271,239,510
6279,184,177,361
6427,5,7,12
1531,44,63,107
5995,45,51,96
6475,96,105,201
2117,1140,1117,2257
3968,11,12,23
4759,325,356,681
3957,80,91,171
7652,316,365,681
1668,353,329,682
399,479,437,916
2258,1645,1728,3373
6683,606,607,1213
1507,204,200,404
1876,28,21,49
5105,635,642,1277
5597,132,144,276
4341,376,161,537
6631,426,437,863
2302,322,291,613
7278,417,405,822
2496,1655,1654,3309
7663,52,46,98
107,564,262,826
5282,322,380,702
6696,291,295,586
6774,476,471,947
10604,164,161,325
5368,630,480,1110
2878,428,443,871
1476,468,400,868
2168,32,45,77
6421,1599,1605,3204
3895,612,547,1159
7428,308,302,610
4810,27,17,44
5614,284,235,519
8603,489,423,912
597,1071,1150,2221
7712,746,234,980
8465,147,204,351
2208,145,165,310
8183,23,22,45
3236,271,239,510
5376,105,105,210
4360,514,508,1022
2351,30,49,79
9188,118,119,237
1671,549,498,1047
3511,411,416,827
100,114,115,229
216,478,452,930
1038,149,188,337
1217,46,33,79
6777,42,42,84
4177,536,533,1069
4182,155,153,308
312,1418,1410,2828
3055,59,61,120
2912,352,307,659
3896,90,59,149
651,306,304,610
2770,205,243,448
7506,124,129,253
2978,416,466,882
1278,87,67,154
2145,107,180,287
7047,283,278,561
2826,197,144,341
2369,613,626,1239
3237,196,334,530
45,270,181,451
7518,1266,666,1932
6071,111,114,225
4942,61,62,123
1863,27,32,59
2617,115,116,231
4518,113,120,233
1494,83,119,202
4158,158,241,399
1075,2,4,6
7049,235,224,459
1470,115,122,237
2626,971,1029,2000
5087,183,260,443
2138,1,3,4
6378,260,72,332
2123,669,659,1328
7840,254,259,513
1451,564,158,722
1362,194,199,393
6041,216,349,565
3367,110,89,199
939,43,50,93
4200,59,59,118
5825,125,118,243
9110,96,111,207
1993,151,126,277
6198,1506,1561,3067
4556,158,159,317
1459,180,162,342
3740,327,343,670
2137,209,170,379
3406,72,75,147
3854,164,225,389
5635,517,499,1016
3706,34,34,68
7481,109,100,209
5844,200,331,531
11715,25,25,50
764,148,437,585
1056,179,203,382
7923,88,108,196
326,139,132,271
983,1445,1438,2883
1568,339,354,693
1222,386,382,768
9475,81,88,169
5795,882,832,1714
3412,3,3,6
2753,59,32,91
1387,42,33,75
131,89,90,179
10603,185,207,392
2034,9,9,18
4043,137,135,272
6413,53,46,99
9746,42,40,82
2319,109,153,262
11941,266,244,510
8574,718,220,938
11562,3,2,5
101,105,110,215
8293,268,328,596
6567,43,30,73
1338,78,76,154
1428,355,372,727
1073,76,39,115
4981,15,15,30
11619,222,217,439
8477,142,163,305
9522,331,333,664
5103,32,30,62
7846,29,49,78
1688,385,393,778
4499,894,922,1816
617,198,198,396
7087,351,210,561
11125,184,238,422
4657,364,315,679
60,197,202,399
6297,43,51,94
8035,87,102,189
8624,71,97,168
93,128,130,258
5263,181,195,376
5181,382,403,785
2251,140,157,297
945,1198,1014,2212
11587,95,109,204
540,1625,269,1894
6236,191,193,384
37,234,204,438
6300,295,280,575
8852,22,7,29
2636,46,47,93
3490,363,364,727
8162,122,123,245
7756,974,971,1945
520,390,426,816
5891,39,39,78
653,27,24,51
550,598,594,1192
6628,394,396,790
3415,22,24,46
5395,19,11,30
743,277,282,559
1163,505,525,1030
3393,135,118,253
1670,45,35,80
3556,239,275,514
9621,255,269,524
10513,340,85,425
358,406,386,792
6230,176,37,213
6533,427,469,896
6065,65,85,150
505,301,311,612
5912,32,42,74
7544,70,68,138
8387,151,132,283
10791,20,21,41
1920,231,1,232
5649,206,146,352
5019,196,250,446
4306,265,335,600
8408,60,72,132
9439,23,18,41
3193,292,288,580
10582,198,197,395
9822,103,128,231
4403,98,107,205
1731,47,52,99
6059,134,122,256
7738,206,238,444
804,432,291,723
8693,147,147,294
1457,9,79,88
10008,1,3,4
4911,54,57,111
4504,369,352,721
7993,411,409,820
11064,18,23,41
11591,33,35,68
1725,273,283,556
2475,99,90,189
1175,41,61,102
1121,132,132,264
8156,43,43,86
7963,26,14,40
8213,161,163,324
2209,216,202,418
539,134,126,260
9335,129,140,269
5841,414,193,607
2094,136,115,251
6868,212,78,290
3906,80,97,177
10823,72,27,99
9707,52,65,117
6838,410,417,827
1891,143,145,288
10927,4,13,17
2734,92,1511,1603
2247,2361,78,2439
2747,27,877,904
10778,13,15,28
6087,718,683,1401
4012,62,83,145
510,440,411,851
2873,7,7,14
10418,158,159,317
2656,34,34,68
7282,187,251,438
8719,3,0,3
8805,571,617,1188
4506,142,143,285
4003,137,157,294
784,106,116,222
7289,175,207,382
3018,175,110,285
2129,151,96,247
2000,53,51,104
8346,208,200,408
2897,474,564,1038
4444,191,198,389
4471,379,394,773
55,188,218,406
5264,293,290,583
259,100,131,231
9117,546,305,851
10164,68,68,136
5681,509,507,1016
2071,217,214,431
349,15,24,39
6454,235,235,470
4311,72,73,145
9547,66,73,139
95,99,97,196
7659,312,341,653
1159,847,885,1732
3077,89,93,182
753,268,272,540
1991,252,118,370
11049,149,153,302
438,204,211,415
7672,62,34,96
3817,40,39,79
4562,578,316,894
4568,146,111,257
408,392,319,711
5261,160,233,393
1138,49,73,122
5191,93,153,246
3260,167,158,325
4,105,27,132
5908,155,166,321
10878,180,188,368
3145,31,110,141
4382,147,151,298
8763,516,490,1006
3608,68,100,168
1351,34,35,69
2973,39,56,95
1252,37,54,91
1114,112,114,226
330,57,24,81
467,58,55,113
767,77,78,155
840,226,225,451
2084,17,13,30
9168,108,125,233
8958,91,94,185
3997,84,91,175
687,442,423,865
2062,185,237,422
3134,757,153,910
6655,225,225,450
12012,21,19,40
3190,120,117,237
3645,375,367,742
2170,88,81,169
3821,140,141,281
2724,413,620,1033
9074,380,261,641
4835,162,160,322
6157,101,93,194
9199,11,19,30
6000,285,231,516
721,519,373,892
7893,136,335,471
1145,181,172,353
29,25,26,51
322,32,102,134
2408,235,236,471
118,13,11,24
4335,63,64,127
1013,305,315,620
3523,10,10,20
5755,110,109,219
6574,141,146,287
6780,96,130,226
8913,105,173,278
7890,19,238,257
962,64,77,141
3164,674,681,1355
2543,1411,1413,2824
6298,225,299,524
6153,136,147,283
629,40,40,80
1301,421,438,859
2954,44,59,103
9235,591,601,1192
1229,174,183,357
1323,130,165,295
5666,131,133,264
3501,345,245,590
3528,375,405,780
12088,35,29,64
2982,297,374,671
616,447,462,909
6820,70,85,155
762,331,326,657
32,338,217,555
565,161,237,398
2885,396,438,834
4488,23,23,46
1400,65,79,144
655,15,19,34
3279,53,75,128
2781,259,220,479
1312,219,262,481
1156,125,96,221
1606,28,35,63
9861,94,41,135
1537,22,30,52
744,381,393,774
4255,25,24,49
4847,228,214,442
2607,23,26,49
3403,257,263,520
1480,47,61,108
2262,239,244,483
380,97,96,193
3388,113,216,329
3369,82,129,211
10034,123,77,200
1180,143,119,262
3974,447,109,556
1124,420,434,854
1426,12,11,23
6067,30,74,104
3865,233,233,466
2746,22,24,46
2334,162,181,343
2493,45,65,110
1961,84,71,155
2927,163,221,384
8444,440,46,486
965,171,157,328
5559,1002,1009,2011
8821,372,373,745
2887,115,115,230
1975,7,10,17
10470,706,700,1406
787,1076,217,1293
1256,11,11,22
2699,179,178,357
2976,12,14,26
1242,137,132,269
5125,143,153,296
1849,125,113,238
4844,581,570,1151
7206,155,160,315
2331,301,356,657
10657,11,11,22
3073,59,65,124
2289,90,316,406
12089,55,37,92
765,14,32,46
7673,254,312,566
323,11,19,30
6685,75,105,180
1722,45,32,77
4916,66,149,215
6862,55,56,111
6445,10,15,25
4510,213,259,472
2167,42,87,129
4194,52,53,105
7136,30,30,60
7517,18,18,36
3907,28,29,57
2277,97,110,207
5341,119,117,236
1357,134,134,268
6513,44,45,89
502,25,25,50
581,23,25,48
1882,150,102,252
19,46,48,94
8295,26,24,50
8347,188,164,352
7366,92,80,172
2155,60,112,172
1155,53,64,117
6626,185,186,371
3078,23,38,61
9829,78,96,174
2240,144,197,341
972,118,131,249
8139,237,238,475
232,70,67,137
2819,90,82,172
457,32,88,120
7961,39,13,52
1837,141,193,334
4141,43,47,90
6775,35,37,72
6480,191,189,380
2584,35,33,68
184,31,30,61
2135,185,176,361
5021,64,96,160
7553,86,114,200
3200,50,71,121
775,272,109,381
4006,32,35,67
5353,162,96,258
6138,138,121,259
6479,321,326,647
2527,174,205,379
3441,83,81,164
4733,182,270,452
9330,21,19,40
9018,1997,1278,3275
6591,91,126,217
6560,444,446,890
5579,332,338,670
12318,45,31,76
4162,114,130,244
2216,254,250,504
624,211,209,420
3915,13,5,18
4857,79,22,101
2033,190,199,389
4707,105,97,202
493,147,139,286
4256,42,47,89
3104,215,215,430
4994,49,158,207
4541,17,18,35
9486,1,6,7
3466,42,47,89
2346,137,158,295
3292,22,19,41
1925,150,157,307
6284,247,279,526
10358,78,77,155
9512,304,311,615
5476,87,71,158
5885,47,68,115
451,79,209,288
8657,201,85,286
1035,187,189,376
5673,29,29,58
941,78,26,104
285,77,79,156
3747,105,109,214
5922,407,406,813
1987,151,214,365
3659,572,347,919
8336,261,347,608
3338,30,20,50
2131,266,285,551
8598,122,159,281
1283,22,6,28
585,4,12,16
1490,63,20,83
10908,10,12,22
1120,95,97,192
9347,40,47,87
4099,22,25,47
6840,444,257,701
10302,74,39,113
8610,59,32,91
8793,9,9,18
1271,130,144,274
10977,221,214,435
3116,235,282,517
11734,54,43,97
5951,219,293,512
8063,203,217,420
692,112,113,225
3933,234,226,460
2179,59,75,134
9528,13,13,26
9946,26,26,52
5858,93,108,201
10651,53,515,568
4036,37,47,84
6187,385,405,790
9273,14,14,28
10967,33,20,53
3587,37,28,65
5768,78,78,156
2975,231,230,461
7926,199,199,398
4084,98,99,197
11533,36,37,73
5171,84,115,199
8608,40,40,80
5050,58,66,124
797,187,187,374
5700,118,79,197
6134,27,187,214
10649,582,124,706
4072,206,222,428
7899,224,222,446
10670,19,19,38
5973,38,38,76
5887,164,233,397
7573,19,19,38
7666,77,80,157
9126,35,38,73
11699,4,8,12
11461,29,22,51
12384,9,9,18
10088,59,59,118
5351,1422,1441,2863
12305,27,15,42
7151,440,257,697
6193,1545,1328,2873
9150,210,211,421
6830,343,356,699
9671,74,99,173
7973,152,160,312
2411,44,45,89
7915,239,260,499
4854,219,220,439
6027,125,130,255
10914,64,68,132
1768,51,80,131
2190,137,144,281
4432,73,76,149
2459,94,109,203
6081,172,46,218
4649,51,47,98
7418,101,104,205
6790,32,76,108
4865,56,70,126
9345,183,175,358
3557,34,34,68
3893,175,119,294
7998,27,29,56
9219,71,77,148
9534,43,44,87
8173,25,23,48
1250,745,433,1178
5684,61,83,144
6148,12,15,27
6679,33,37,70
6563,31,37,68
128,40,51,91
3278,28,87,115
8233,162,164,326
598,75,74,149
153,65,62,127
10689,16,16,32
3251,105,96,201
7322,24,40,64
4033,61,175,236
2194,64,64,128
4391,73,74,147
2608,149,143,292
6687,31,32,63
5193,97,65,162
1306,1,10,11
9053,47,99,146
6097,143,155,298
5786,260,58,318
874,160,150,310
6537,128,239,367
2477,306,471,777
8057,75,78,153
4664,24,26,50
11388,716,202,918
4799,798,790,1588
10355,212,173,385
11985,148,132,280
10027,19,24,43
4252,59,132,191
5046,31,48,79
10886,100,59,159
5377,41,24,65
11275,59,68,127
2462,52,54,106
4273,66,19,85
7797,450,349,799
10776,201,196,397
6570,35,64,99
8725,12,12,24
3092,86,101,187
398,103,65,168
9097,53,50,103
4902,175,176,351
10419,87,92,179
7786,71,75,146
3692,42,51,93
11900,69,128,197
2635,253,224,477
11106,112,516,628
5458,125,139,264
4496,70,73,143
7017,195,254,449
4238,525,525,1050
6730,277,302,579
6091,156,267,423
897,48,335,383
7288,192,190,382
6367,223,253,476
3005,38,22,60
1096,386,419,805
4938,37,66,103
78,287,34,321
7763,61,52,113
4062,30,33,63
3175,63,63,126
6012,98,104,202
1856,175,180,355
6515,16,16,32
9300,52,52,104
6018,67,67,134
1755,63,64,127
3822,567,581,1148
5407,336,337,673
5966,525,253,778
3173,230,230,460
5312,23,39,62
7836,880,123,1003
431,85,94,179
7005,114,139,253
5095,171,93,264
3179,38,35,73
9573,26,26,52
6447,30,28,58
477,8,28,36
6456,87,154,241
1714,229,149,378
9207,305,311,616
5416,176,273,449
3302,33,50,83
3980,112,85,197
6682,229,250,479
2454,229,36,265
3047,145,149,294
10190,37,35,72
6688,48,35,83
822,39,41,80
46,4,9,13
6164,145,141,286
6214,231,282,513
6129,137,164,301
9788,69,74,143
3165,164,231,395
615,314,289,603
9521,68,11,79
3599,162,141,303
3856,28,21,49
8816,97,132,229
5670,377,287,664
9508,266,109,375
5513,9,14,23
5483,36,80,116
2347,93,71,164
3372,373,410,783
882,48,48,96
7859,74,27,101
6521,33,38,71
2072,31,54,85
73,52,51,103
3506,88,97,185
1937,129,110,239
925,75,86,161
10258,248,248,496
3988,35,48,83
4676,52,35,87
4242,61,69,130
521,39,37,76
11419,2,2,4
4323,140,135,275
2349,243,245,488
1358,152,439,591
7142,18,19,37
414,151,159,310
1192,117,68,185
6353,38,57,95
6122,60,80,140
3446,182,223,405
4821,34,35,69
2419,9,9,18
3689,121,122,243
8375,235,218,453
5333,150,151,301
4778,5,5,10
10958,4,5,9
3901,23,28,51
1243,79,77,156
308,82,92,174
760,50,45,95
365,257,264,521
1148,90,179,269
9091,249,256,505
6733,128,123,251
163,32,38,70
3281,37,36,73
6375,149,150,299
4524,214,217,431
4123,44,56,100
6485,246,231,477
441,15,15,30
2093,98,94,192
4681,55,64,119
21,73,36,109
425,95,100,195
3086,99,99,198
649,48,86,134
3929,4,6,10
5629,54,66,120
10648,8,11,19
2444,44,46,90
6034,37,44,81
4795,10,10,20
6997,218,222,440
2969,115,115,230
763,139,115,254
2104,73,145,218
6313,211,210,421
4553,96,101,197
994,41,42,83
2045,129,109,238
6703,10,9,19
8845,65,67,132
6443,77,56,133
2587,86,66,152
1663,1,34,35
12233,66,14,80
3625,97,95,192
6089,96,164,260
893,59,70,129
6319,51,98,149
3081,115,116,231
7828,66,65,131
3778,126,76,202
6640,98,109,207
8648,42,86,128
1321,115,131,246
5628,23,26,49
10432,199,213,412
3429,7,0,7
4290,17,74,91
9096,92,95,187
4007,14,13,27
5373,94,77,171
1085,331,339,670
9535,74,74,148
1501,53,128,181
5453,112,122,234
3833,82,76,158
5784,279,265,544
7336,40,71,111
4843,3,3,6
7664,22,30,52
5994,65,292,357
10033,47,64,111
6422,5,4,9
2748,42,52,94
8853,8,33,41
2749,36,16,52
8651,62,48,110
1399,4,5,9
6042,41,37,78
4949,112,112,224
9293,161,191,352
5107,153,153,306
5093,283,294,577
9237,91,84,175
8143,2,3,5
6843,62,81,143
12374,11,2,13
6746,186,245,431
8460,73,80,153
9700,248,246,494
8303,88,97,185
1225,200,274,474
10962,109,94,203
10399,108,121,229
6088,167,220,387
11511,179,114,293
1475,86,80,166
7638,125,138,263
1018,9,14,23
8751,1,0,1
4118,96,109,205
1623,94,65,159
6918,494,505,999
1280,29,40,69
192,35,32,67
9361,15,21,36
188,42,46,88
6937,112,86,198
5801,80,69,149
1329,21,22,43
10843,136,35,171
9037,14,17,31
9657,35,63,98
3276,170,170,340
1801,98,88,186
10981,34,32,66
8767,15,13,28
3878,88,128,216
3419,23,29,52
9741,69,22,91
9722,122,68,190
4763,1,1,2
6128,49,75,124
5868,4,7,11
5217,32,176,208
7561,94,22,116
7248,73,78,151
6143,39,39,78
3630,108,122,230
830,29,31,60
4125,48,49,97
4618,82,84,166
4202,23,47,70
1747,83,58,141
8066,35,53,88
3807,86,91,177
418,24,21,45
2380,16,16,32
5324,13,13,26
6276,178,128,306
10356,17,18,35
5139,73,70,143
2797,252,295,547
385,54,54,108
7393,21,21,42
173,40,47,87
5542,180,67,247
7249,114,124,238
700,87,86,173
1804,149,164,313
2488,9,9,18
321,33,26,59
9132,29,113,142
11242,201,170,371
4415,9,8,17
5414,41,50,91
5106,11,11,22
9463,78,117,195
7427,50,50,100
7889,385,60,445
339,16,16,32
1423,103,99,202
4357,80,5,85
11381,21,11,32
3007,122,122,244
4956,113,110,223
7817,26,22,48
9356,8,11,19
4641,12,9,21
668,70,70,140
9079,8,25,33
10191,21,179,200
4364,103,104,207
2600,47,46,93
7498,101,101,202
1074,101,192,293
5398,190,193,383
5835,56,34,90
8025,8,9,17
4710,103,104,207
10947,43,44,87
8896,27,51,78
9725,13,16,29
9283,4,7,11
10053,23,56,79
1902,51,105,156
11039,6,6,12
3087,4,22,26
524,140,7,147
5983,15,15,30
604,84,63,147
11524,5,9,14
9170,213,87,300
9163,135,193,328
3079,182,118,300
8489,7,8,15
10026,50,50,100
8058,106,93,199
8936,1,13,14
9221,37,37,74
1471,15,32,47
302,77,123,200
2292,72,71,143
9389,33,41,74
6816,18,30,48
8600,82,38,120
6404,14,14,28
3919,24,18,42
9920,45,65,110
6354,61,48,109
5155,65,40,105
5808,38,38,76
11634,35,4,39
12055,36,21,57
354,114,113,227
11559,9,4,13
6179,34,38,72
6583,144,144,288
8938,72,131,203
6321,1,14,15
5934,38,51,89
7839,21,21,42
1504,4,12,16
3541,41,41,82
892,29,32,61
11338,95,95,190
6695,195,198,393
7138,15,18,33
6044,61,71,132
401,21,21,42
5582,8,10,18
10133,5,5,10
3943,66,72,138
3892,69,70,139
6172,15,15,30
3080,64,75,139
2917,53,70,123
3217,24,29,53
9582,19,34,53
11452,21,25,46
6441,4,9,13
9544,45,45,90
8576,60,67,127
4722,38,45,83
2694,85,55,140
2223,65,60,125
5563,14,27,41
4197,33,32,65
4806,92,138,230
8996,118,115,233
2173,112,117,229
7271,285,313,598
5743,34,34,68
6037,6,7,13
2403,289,282,571
6954,50,50,100
2299,1,0,1
6653,12,12,24
11617,16,13,29
1964,20,26,46
4928,269,268,537
1652,59,80,139
3038,42,51,93
4811,366,178,544
11570,23,6,29
2169,61,71,132
7320,77,98,175
10944,19,9,28
1669,123,88,211
6045,98,98,196
6980,50,45,95
7741,2,71,73
7696,72,74,146
12494,29,42,71
9692,38,64,102
5913,105,7,112
7698,103,15,118
11383,27,7,34
1584,12,38,50
7948,38,37,75
9067,55,6,61
11114,10,0,10
3452,11,11,22
9919,156,78,234
284,70,14,84
3780,52,8,60
5488,32,32,64
6854,25,0,25
6350,41,13,54
10687,18,12,30
8149,5,0,5
12586,1,0,1
5402,27,32,59
5142,9,5,14
5607,1,0,1
12250,7,0,7
10594,38,47,85
9680,27,32,59
4661,75,81,156
6337,52,39,91
4519,3,2,5
1100,117,116,233
378,74,126,200
479,40,59,99
9988,161,169,330
3712,58,87,145
2538,72,86,158
7576,46,73,119
3948,120,86,206
2682,93,4,97
2256,41,38,79
3522,34,26,60
2960,51,59,110
6392,6,10,16
8548,22,26,48
197,34,1,35
6003,27,43,70
930,68,58,126
2855,46,59,105
6589,73,134,207
198,44,44,88
9821,125,168,293
12240,18,18,36
12452,7,7,14
1022,32,33,65
11912,37,37,74
5882,40,69,109
8524,1,0,1
5071,8,4,12
10785,4,23,27
7737,50,49,99
1551,36,43,79
3967,32,27,59
10660,36,36,72
5925,111,119,230
11643,4,18,22
2359,158,83,241
2229,62,64,126
6394,31,48,79
8769,16,16,32
6080,8,11,19
12162,43,19,62
2963,47,38,85
1558,50,122,172
594,225,130,355
5640,72,77,149
6834,19,19,38
10096,53,56,109
6023,54,57,111
4204,130,133,263
10701,32,41,73
6495,3,4,7
8193,108,105,213
1694,28,70,98
1665,86,115,201
3180,9,10,19
1309,33,185,218
2085,119,104,223
3008,32,18,50
2839,112,129,241
9579,14,15,29
8612,36,66,102
8755,13,13,26
1952,124,74,198
5794,78,13,91
8567,141,327,468
7682,196,222,418
4462,62,62,124
3726,26,13,39
2402,44,59,103
9550,123,135,258
12347,6,16,22
8261,33,22,55
10231,201,199,400
8927,12,9,21
5633,99,68,167
6237,56,60,116
10678,1,1,2
6970,45,57,102
9279,16,103,119
8397,22,4,26
12354,9,9,18
10800,64,64,128
6029,25,40,65
5156,28,15,43
9289,14,38,52
6518,16,26,42
4365,19,97,116
11894,9,7,16
4363,5,75,80
1857,52,49,101
9093,5,5,10
9879,33,37,70
11950,31,30,61
12017,35,33,68
6355,2,22,24
7997,33,39,72
10074,3,3,6
7878,7,15,22
9812,22,21,43
1889,2,2,4
9261,218,85,303
3413,33,29,62
47,127,149,276
1370,12,12,24
12175,4,2,6
10568,7,21,28
4195,42,42,84
4696,602,91,693
3846,63,66,129
3991,22,21,43
9624,118,38,156
2622,27,28,55
10793,40,49,89
2361,36,31,67
2119,96,55,151
476,35,35,70
375,78,98,176
1883,8,13,21
8013,218,220,438
2505,5,5,10
2230,105,144,249
2648,132,144,276
2276,60,59,119
4336,9,9,18
2231,106,99,205
10311,17,27,44
2141,8,8,16
3847,20,20,40
4603,23,21,44
463,17,10,27
6010,5,2,7
10521,26,19,45
3325,89,88,177
12405,8,8,16
4574,1,1,2
2463,45,31,76
845,22,22,44
6228,39,40,79
7392,54,88,142
56,1,0,1
5126,74,70,144
2950,32,27,59
1497,3,6,9
167,8,25,33
292,122,124,246
4154,64,88,152
9533,3,4,7
10586,41,46,87
4295,4,14,18
7970,22,39,61
1508,12,27,39
186,142,216,358
7370,61,64,125
1662,26,35,61
3921,28,35,63
6161,99,82,181
3489,7,8,15
4161,7,7,14
6686,4,32,36
3207,151,40,191
8448,54,67,121
4584,45,42,87
6121,77,79,156
5823,64,94,158
9049,13,13,26
889,198,159,357
12419,9,0,9
12229,2,0,2
3615,40,38,78
8088,6,5,11
9017,13,27,40
10114,23,28,51
2124,9,11,20
1962,92,121,213
5234,66,48,114
3584,0,117,117
9569,21,75,96
9481,45,64,109
6243,35,31,66
7822,6,0,6
3465,50,49,99
580,19,24,43
2182,24,17,41
8569,16,17,33
8490,31,33,64
7724,6,12,18
3542,79,81,160
3527,21,30,51
8135,110,157,267
7153,18,22,40
9761,12,12,24
6383,3,0,3
5600,6,4,10
8724,2,0,2
4172,41,41,82
11377,2,2,4
9425,7,7,14
2554,34,13,47
8406,37,72,109
3790,14,14,28
6289,47,26,73
5737,6,26,32
8951,9,9,18
5334,21,29,50
3660,14,13,27
7643,55,82,137
9206,10,14,24
4131,31,32,63
9381,28,28,56
1445,79,123,202
2782,19,28,47
7693,14,12,26
1907,25,54,79
7031,35,41,76
2219,20,24,44
725,14,21,35
3731,69,79,148
5948,10,10,20
8311,2,5,7
4783,16,14,30
2909,22,16,38
8761,32,33,65
4566,44,44,88
6339,2,3,5
2427,70,73,143
6362,11,9,20
6553,3,14,17
4448,3,14,17
7113,21,83,104
4412,114,113,227
4666,27,10,37
199,11,10,21
2851,40,43,83
6826,30,145,175
1044,3,13,16
306,27,35,62
2121,357,202,559
7255,55,47,102
3959,21,31,52
6108,37,36,73
8901,19,20,39
5201,31,25,56
8357,130,63,193
5320,12,12,24
2815,87,77,164
11775,12,18,30
9444,3,80,83
183,57,296,353
4871,11,4,15
6221,82,78,160
10932,11,6,17
5876,20,20,40
10463,21,15,36
12297,31,6,37
9706,97,64,161
12736,1,0,1
9928,19,29,48
12402,7,1,8
11620,16,16,32
3004,33,173,206
4133,149,21,170
10340,8,4,12
9782,9,11,20
5776,19,21,40
7869,79,47,126
9541,41,42,83
675,19,19,38
1613,3,3,6
3306,24,28,52
8797,6,15,21
4825,27,27,54
331,10,6,16
11426,37,45,82
1485,41,41,82
7281,63,65,128
6824,76,100,176
5851,29,27,56
1496,7,3,10
52,43,71,114
6711,9,41,50
4117,10,36,46
9362,63,73,136
3282,59,46,105
4891,35,29,64
8040,56,181,237
8939,101,4,105
4171,82,111,193
8256,26,9,35
6547,56,34,90
10057,69,60,129
10452,7,21,28
1129,20,603,623
6669,41,130,171
2574,24,24,48
3239,128,60,188
4615,2,5,7
8531,66,74,140
2431,12,12,24
4867,11,18,29
11703,4,4,8
3409,37,33,70
3978,48,52,100
9983,45,40,85
1342,2,48,50
6274,68,71,139
3494,32,35,67
3826,40,85,125
10751,4,4,8
126,5,17,22
4836,14,7,21
6483,23,25,48
6113,28,28,56
12143,7,7,14
12065,7,5,12
3628,9,12,21
7056,25,29,54
6358,13,9,22
4600,13,10,23
8848,23,10,33
10185,18,14,32
4240,7,8,15
9719,37,2,39
2658,6,5,11
862,53,62,115
2295,11,11,22
9505,67,419,486
8961,18,20,38
8320,12,59,71
11346,3,12,15
8928,14,35,49
11407,11,78,89
9837,10,14,24
1346,2,18,20
11817,5,11,16
4110,35,14,49
7242,60,62,122
8318,1,10,11
6094,45,28,73
4224,40,37,77
2372,202,216,418
11700,5,5,10
3496,23,9,32
9492,3,27,30
9599,37,34,71
10238,7,7,14
10839,4,4,8
1245,1,1,2
10584,2,18,20
7624,3,4,7
5630,19,3,22
7969,39,61,100
3033,6,6,12
12549,16,16,32
2616,31,75,106
8514,3,3,6
11454,12,26,38
11848,3,3,6
1963,1,1,2
5246,32,34,66
4246,30,30,60
6323,25,7,32
2566,12,76,88
10291,14,44,58
8537,33,39,72
11869,3,9,12
1959,14,26,40
8735,20,20,40
3378,13,13,26
9408,51,58,109
2760,12,29,41
8291,11,32,43
7981,9,16,25
8424,22,60,82
5059,65,50,115
11234,71,14,85
9462,45,51,96
4313,35,18,53
6759,60,66,126
7305,4,6,10
6054,32,81,113
6803,93,98,191
295,328,331,659
6391,50,56,106
739,32,45,77
10816,18,15,33
2833,9,8,17
8628,56,56,112
2424,4,6,10
9695,4,6,10
2831,1,8,9
3966,12,14,26
6555,4,5,9
1410,6,70,76
5450,33,72,105
2180,7,7,14
10894,70,51,121
6818,11,27,38
2264,25,46,71
8315,5,5,10
70,3,4,7
9652,23,24,47
8085,4,4,8
2115,38,59,97
1499,8,4,12
825,5,6,11
4245,18,18,36
5473,10,10,20
8083,37,48,85
6453,69,59,128
12514,18,19,37
2987,2,0,2
1389,8,12,20
8926,10,10,20
1,5,0,5
704,12,16,28
5212,33,10,43
6363,8,185,193
10064,13,24,37
7342,6,53,59
11581,3,3,6
11067,5,7,12
6849,15,21,36
12145,5,5,10
10598,24,27,51
2471,1,1,2
9054,26,24,50
5018,7,24,31
6467,20,17,37
9717,9,9,18
8337,11,9,20
449,53,54,107
1008,15,30,45
1911,29,22,51
7753,0,61,61
11318,5,3,8
7986,13,18,31
6370,7,29,36
12358,4,1,5
3250,11,25,36
10039,95,100,195
10395,5,7,12
209,7,27,34
2272,8,10,18
3435,9,46,55
5089,5,6,11
12150,16,2,18
12009,39,27,66
2082,2,12,14
6492,3,47,50
883,93,23,116
12199,20,6,26
5192,4,4,8
11186,13,8,21
2166,42,42,84
12146,18,10,28
7988,3,7,10
3449,62,73,135
709,10,3,13
6540,40,42,82
5668,133,11,144
843,42,14,56
4808,2,0,2
4384,16,19,35
6433,5,5,10
4049,10,69,79
4624,7,8,15
3722,80,24,104
4215,10,32,42
5577,4,22,26
7819,8,10,18
9200,6,9,15
557,66,38,104
1990,178,193,371
12574,14,30,44
2986,9,9,18
12320,8,6,14
11263,2,7,9
12238,9,10,19
10822,3,3,6
11748,1,1,2
9141,6,6,12
7095,74,33,107
10322,7,6,13
3886,6,10,16
3297,27,35,62
10367,39,39,78
368,10,14,24
4114,2,25,27
10783,46,58,104
4482,8,2,10
3634,45,28,73
1865,43,87,130
10428,37,152,189
5946,39,39,78
142,11,18,29
2341,2,2,4
618,3,2,5
2805,13,11,24
10279,19,38,57
4955,7,7,14
9056,2,57,59
4345,15,184,199
605,19,40,59
9588,9,11,20
2553,62,16,78
4537,6,19,25
2285,3,3,6
12206,1,0,1
10633,4,4,8
9322,29,52,81
10251,21,1,22
5478,17,29,46
11074,25,10,35
10169,1,0,1
10130,3,0,3
6491,9,9,18
4490,29,13,42
5727,4,9,13
3812,7,9,16
3072,1,1,2
11085,37,14,51
30,20,91,111
6361,4,3,7
9448,9,9,18
708,3,3,6
652,10,10,20
7269,2,2,4
4160,3,0,3
7853,95,109,204
5859,65,99,164
7551,38,104,142
3753,15,24,39
3596,15,14,29
9320,40,24,64
8878,10,10,20
5060,16,17,33
11151,1,1,2
317,6,78,84
497,58,29,87
10772,3,3,6
7051,9,9,18
5914,13,26,39
4329,5,21,26
4461,2,11,13
10913,5,5,10
4859,13,7,20
1541,5,1,6
9499,3,2,5
5332,91,57,148
998,5,6,11
5932,3,25,28
2157,279,168,447
4225,2,2,4
9616,21,23,44
10903,5,18,23
7580,24,26,50
51,10,13,23
6340,2,3,5
447,4,5,9
5943,21,29,50
12182,6,7,13
6693,9,11,20
4608,12,2,14
4002,12,11,23
9044,8,8,16
11769,7,7,14
12371,96,17,113
6280,7,10,17
3761,6,46,52
4713,20,76,96
5822,1,1,2
6985,14,14,28
12046,10,4,14
8857,198,18,216
9517,14,4,18
1918,4,7,11
4094,14,20,34
4878,16,16,32
35,12,11,23
5276,13,12,25
10126,17,18,35
12492,75,7,82
5340,12,9,21
3071,8,9,17
2821,5,7,12
12181,31,3,34
9598,9,9,18
5092,6,12,18
6822,33,50,83
271,3,15,18
4588,12,15,27
10327,36,34,70
7803,33,85,118
4107,3,3,6
1228,70,4,74
2290,6,7,13
7155,9,10,19
1721,5,3,8
3938,11,19,30
10844,2,1,3
4925,2,0,2
12338,3,1,4
12165,1,1,2
5227,8,7,15
12160,4,2,6
10721,10,10,20
4607,12,12,24
6328,6,15,21
9945,7,7,14
11332,6,1,7
986,4,3,7
7318,2,33,35
12203,4,0,4
12670,1,0,1
2580,25,48,73
12098,3,3,6
193,7,4,11
1685,16,19,35
9613,1,2,3
1154,5,97,102
8207,8,17,25
2793,3,18,21
4163,18,9,27
345,215,65,280
10122,260,216,476
1527,25,22,47
2026,2,3,5
6729,27,70,97
12680,9,0,9
2836,4,4,8
10254,4,2,6
1125,5,59,64
2110,5,5,10
8662,7,30,37
3545,10,20,30
12554,25,0,25
2789,0,114,114
1439,3,121,124
8807,9,9,18
7197,7,8,15
7376,1,0,1
2778,2,2,4
12325,26,3,29
5594,1,0,1
7879,3,11,14
9307,16,14,30
5111,1,1,2
9485,4,76,80
3994,1,1,2
6712,26,41,67
12037,5,1,6
2315,7,7,14
6577,117,56,173
1026,44,3,47
2888,3,3,6
922,265,0,265
1816,38,38,76
469,7,4,11
961,17,17,34
4124,19,19,38
1212,52,25,77
407,381,149,530
298,138,121,259
718,14,0,14
1092,1,0,1
2967,9,25,34
8246,1,0,1
10676,2,2,4
218,9,9,18
7071,2,0,2
11860,2,2,4
10484,29,36,65
11537,36,13,49
12200,8,0,8
11822,5,0,5
3520,1,1,2
10063,88,65,153
1456,14,0,14
10849,76,73,149
3928,5,95,100
256,2,8,10
12689,1,1,2
1300,0,195,195
6,47,37,84
458,3,1,4
913,1,0,1
10756,3,0,3
2547,7,17,24
10168,9,24,33
12588,10,0,10
464,24,1,25
1930,28,32,60
15,12,14,26
7346,22,26,48
8785,1,8,9
6578,17,1,18
2185,11,19,30
9118,3,6,9
11455,4,0,4
2740,7,7,14
2114,58,366,424
6005,2,2,4
6348,1,0,1
3783,22,39,61
9313,1,1,2
10803,7,7,14
3356,41,39,80
10987,4,0,4
9943,1,0,1
9070,9,25,34
7880,1,6,7
8865,6,0,6
8265,9,3,12
12437,6,4,10
10910,1,1,2
2465,4,6,10
5528,40,5,45
5689,5,5,10
12276,1,1,2
2171,20,26,46
9060,1,1,2
4050,1,1,2
11592,1,1,2
1420,0,113,113
12455,1,0,1
12176,2,0,2
12508,4,0,4
1368,4,54,58
10437,5,6,11
11026,9,2,11
1922,6,8,14
3768,3,2,5
2140,9,8,17
6104,2,2,4
2120,7,14,21
7713,2,2,4
2263,2,0,2
6642,3,0,3
6768,9,13,22
12174,3,2,5
5443,2,1,3
870,6,0,6
2449,0,101,101
7348,7,0,7
12411,14,3,17
12597,2,2,4
12513,14,1,15
9487,10,15,25
3911,7,17,24
3502,6,6,12
415,11,25,36
9867,24,4,28
9851,4,2,6
12533,5,0,5
12604,4,0,4
6878,2,2,4
1383,9,1,10
4053,3,19,22
8560,2,4,6
12341,1,1,2
12406,6,6,12
11851,1,1,2
11386,2,4,6
12576,2,2,4
5759,1,9,10
8102,1,1,2
5301,11,47,58
12564,3,4,7
10865,1,0,1
9263,12,9,21
3592,19,5,24
10298,5,3,8
12408,2,2,4
10669,1,1,2
10696,1,1,2
7865,4,15,19
1697,1,1,2
439,1,1,2
3100,6,7,13
12352,12,0,12
9203,1,1,2
5952,2,48,50
5509,1,0,1
10950,1,0,1
11604,9,94,103
11991,95,10,105
12049,1,0,1
2388,2,6,8
11156,6,4,10
12446,1,8,9
5980,2,0,2
1859,19,26,45
12327,8,8,16
7931,26,6,32
12541,18,20,38
12495,43,26,69
12516,10,13,23
282,182,25,207
6224,7,4,11
10019,6,2,8
9664,16,1,17
12581,17,5,22
5557,4,4,8
2375,4,63,67
6181,2,2,4
9948,3,25,28
11009,2,4,6
12293,2,0,2
7980,45,14,59
749,1,377,378
12212,3,7,10
11960,1,0,1
206,4,4,8
849,6,6,12
6654,19,9,28
3801,12,45,57
4420,20,21,41
1458,3,4,7
3544,5,6,11
1374,5,2,7
10818,1,2,3
12642,16,1,17
11858,13,4,17
11502,8,8,16
12334,4,4,8
122,14,16,30
9819,3,3,6
11878,9,4,13
1398,6,64,70
11684,3,1,4
4585,7,413,420
10560,4,2,6
4166,5,5,10
11944,6,1,7
1492,4,128,132
11636,13,7,20
6496,6,5,11
12658,4,0,4
8956,4,2,6
9932,1,18,19
10675,9,1,10
7952,4,64,68
3109,5,41,46
12614,9,0,9
2466,27,10,37
6188,4,11,15
2913,6,69,75
7814,0,14,14
10664,8,2,10
5522,1,1,2
11795,1,7,8
7287,3,1,4
4146,2,2,4
12474,3,0,3
12101,1,0,1
4001,7,4,11
8705,3,4,7
3243,3,2,5
10232,3,0,3
3253,7,49,56
12435,33,8,41
4742,1,0,1
12553,16,32,48
12511,26,6,32
12427,4,4,8
12712,2,0,2
7073,5,3,8
5090,2,2,4
9947,11,7,18
7484,29,34,63
12337,28,6,34
12086,1,0,1
7595,6,1,7
11806,1,1,2
12092,1,1,2
2557,7,50,57
12011,4,2,6
12471,23,13,36
11459,1,0,1
12669,2,1,3
11934,1,1,2
1139,3,95,98
3891,1,0,1
2452,1,25,26
9987,3,3,6
8119,1,0,1
7994,34,35,69
9798,3,14,17
8713,0,14,14
3857,1,1,2
5175,9,3,12
3963,2,7,9
11530,6,5,11
1604,0,151,151
11505,1,31,32
12208,1,0,1
12582,4,0,4
6539,5,10,15
9804,7,3,10
1935,3,7,10
10390,1,1,2
6700,31,0,31
7974,1,1,2
1224,0,3,3
11486,46,10,56
2113,1,0,1
10029,3,103,106
12562,15,3,18
3960,1,5,6
11325,80,6,86
12342,13,0,13
10925,3,0,3
844,1,0,1
12362,1,16,17
12484,16,1,17
2585,2,1,3
10228,1,1,2
10610,33,80,113
9681,2,8,10
11993,2,0,2
5281,3,3,6
3703,2,2,4
8676,1,1,2
381,0,50,50
12235,92,5,97
9618,11,17,28
673,1,1,2
3248,4,5,9
12529,2,0,2
80,3,3,6
8017,86,126,212
3858,1,1,2
10795,12,108,120
10494,164,3,167
4926,70,136,206
11330,9,5,14
12283,2,0,2
9194,1,4,5
12620,9,0,9
1716,32,27,59
10405,8,1,9
11903,2,5,7
7862,6,2,8
7863,4,4,8
9104,0,4,4
9427,7,0,7
1626,4,114,118
12573,3,2,5
12004,1,0,1
12095,11,2,13
12100,3,8,11
2674,3,2,5
12617,1,1,2
11392,1,0,1
8677,1,14,15
2078,1,1,2
264,0,64,64
7702,1,0,1
9136,1,16,17
12241,11,0,11
7339,4,1,5
6725,1,3,4
7023,0,35,35
12476,18,1,19
10453,44,70,114
824,4,0,4
8855,1,2,3
10336,1,0,1
11178,1,4,5
291,1,0,1
9135,2,10,12
1743,1,8,9
5134,1,0,1
8709,1,1,2
9187,4,14,18
3995,3,3,6
8041,0,25,25
5084,0,2,2
5149,4,1,5
8523,1,2,3
12277,2,0,2
6500,2,0,2
7768,2,2,4
10459,7,2,9
11062,2,2,4
9478,1,1,2
11778,1,1,2
12003,1,0,1
12069,1,15,16
11754,15,1,16
7168,3,5,8
11008,1,0,1
12152,4,0,4
6168,1,0,1
12675,9,0,9
11752,13,1,14
7725,1,1,2
10668,2,4,6
750,3,4,7
7026,0,8,8
1791,7,3,10
6099,3,0,3
12653,6,4,10
8079,14,0,14
8019,0,3,3
672,1,0,1
9603,0,55,55
7617,0,15,15
3744,2,0,2
5672,3,0,3
12068,1,5,6
2804,2,46,48
4852,1,0,1
5694,1,11,12
4017,9,0,9
12691,1,0,1
1405,1,0,1
11363,5,7,12
11365,2,3,5
10257,1,0,1
2939,0,26,26
6832,1,0,1
2727,1,6,7
103,0,7,7
5024,2,0,2
12421,1,1,2
4008,20,0,20
3851,2,4,6
6931,4,2,6
7118,1,44,45
3151,1,2,3
2971,1,1,2
5365,0,34,34
1686,0,7,7
8283,2,0,2
5959,1,16,17
9709,3,1,4
7920,1,0,1
4803,0,1,1
7855,0,22,22
12236,2,0,2
12515,6,0,6
12490,1,0,1
11514,1,0,1
10451,8,48,56
12547,3,3,6
400,1,2,3
12377,3,0,3
12397,0,39,39
12606,35,8,43
12711,3,0,3
3215,2,4,6
7568,3,57,60
3996,2,14,16
8623,1,0,1
8770,1,7,8
5220,32,39,71
8136,2,9,11
12688,2,0,2
4207,0,152,152
12577,10,2,12
12520,19,10,29
12550,8,15,23
11316,3,1,4
1466,4,5,9
11665,1,0,1
2670,1,4,5
1517,1,7,8
11161,14,0,14
529,1,6,7
2049,23,27,50
3642,1,0,1
3234,0,38,38
7002,1,0,1
12607,0,4,4
6246,18,3,21
12618,0,6,6
8326,1,10,11
11516,1,0,1
8920,32,0,32
12159,10,0,10
12294,1,0,1
3626,1,0,1
6541,1,0,1
11578,2,7,9
3497,1,0,1
8905,7,1,8
6992,4,0,4
10606,0,42,42
12643,4,16,20
12567,16,6,22
12721,1,0,1
10550,0,43,43
8969,4,1,5
2807,4,4,8
9417,4,1,5
6278,1,3,4
12681,0,1,1
12692,1,0,1
10103,4,14,18
7356,28,6,34
2343,0,23,23
3785,1,1,2
9137,4,0,4
7515,11,0,11
112,1,0,1
7951,1,0,1
12657,0,1,1
3231,0,18,18
10570,0,10,10
2035,0,15,15
5240,0,6,6
7827,3,0,3
5896,1,19,20
6304,1,0,1
2577,0,9,9
8692,0,17,17
9792,2,0,2
5115,1,0,1
4034,0,6,6
5184,6,0,6
7883,0,3,3
7884,0,10,10
7866,0,6,6
9762,0,19,19
11920,3,3,6
10697,2,2,4
10989,1,0,1
11854,0,3,3
11576,1,4,5
11173,4,0,4
6160,0,14,14
12659,3,1,4
5116,0,4,4
8965,7,1,8
8457,1,1,2
6989,2,10,12
12570,2,1,3
11909,2,4,6
1733,2,13,15
1386,26,30,56
1339,76,12,88
12109,1,0,1
3462,1,1,2
978,1,1,2
6806,5,1,6
10928,11,2,13
412,0,181,181
2004,1,0,1
10349,1,34,35
12080,1,0,1
8550,0,12,12
7066,0,8,8
196,30,10,40
5657,3,0,3
4715,1,2,3
11099,0,20,20
6978,1,6,7
3693,1,0,1
10000,5,37,42
11872,2,7,9
10883,1,1,2
1313,1,10,11
8428,1,1,2
10310,1,0,1
803,0,4,4
6681,0,9,9
8972,0,4,4
6772,0,2,2
4611,77,23,100
12044,20,76,96
4275,1,1,2
7473,0,44,44
3103,1,0,1
669,4,4,8
11044,2,0,2
8894,1,10,11
9985,1,17,18
10792,0,4,4
348,0,14,14
11961,0,28,28
12073,55,8,63
11661,0,19,19
12140,2,0,2
9016,1,1,2
5243,5,2,7
3030,0,1,1
4458,1,0,1
1980,1,0,1
11647,0,4,4
4223,1,13,14
11887,0,11,11
440,0,2,2
5793,0,51,51
10070,6,5,11
2043,1,2,3
7801,5,0,5
3620,0,3,3
3021,3,0,3
2726,0,6,6
7126,4,0,4
781,0,30,30
5817,1,9,10
5556,1,2,3
8841,1,1,2
5521,0,2,2
8134,27,32,59
10136,9,0,9
1128,0,12,12
11744,0,10,10
6608,2,26,28
10082,2,6,8
10080,2,3,5
7594,0,10,10
11745,0,3,3
5693,0,16,16
4594,1,6,7
12010,2,14,16
10262,17,1,18
8290,0,5,5
9656,1,5,6
6743,47,0,47
3203,1,0,1
12282,11,1,12
2692,0,10,10
9257,1,2,3
608,1,1,2
5214,0,1,1
3880,4,0,4
10077,0,2,2
11470,1,0,1
1104,0,4,4
12180,12,0,12
9638,3,1,4
11113,2,0,2
12306,7,2,9
12383,2,1,3
12353,2,0,2
10421,1,0,1
12645,1,0,1
11107,2,0,2
9667,1,2,3
9648,0,21,21
12195,12,0,12
11885,0,18,18
2594,1,0,1
12064,1,0,1
11915,0,15,15
12161,1,0,1
12273,4,1,5
12099,2,2,4
8824,0,1,1
741,0,4,4
10573,1,1,2
10105,1,0,1
9597,1,0,1
4687,1,0,1
4775,2,0,2
9339,2,1,3
956,1,0,1
3586,0,3,3
5267,0,2,2
11274,0,4,4
8189,0,14,14
8994,5,0,5
7769,0,1,1
4747,0,12,12
8105,1,4,5
8096,7,0,7
11762,0,11,11
12286,1,0,1
11205,0,4,4
10085,14,0,14
10682,0,4,4
10563,3,0,3
8596,1,10,11
9864,0,2,2
2345,0,7,7
2857,0,3,3
7780,0,3,3
3196,0,11,11
5713,0,5,5
6248,0,11,11
10754,0,2,2
11029,0,1,1
2539,0,4,4
6401,0,1,1
5883,1,0,1
5254,0,7,7
12335,7,0,7
6163,0,2,2
9374,0,2,2
4269,1,0,1
3806,1,0,1
720,0,22,22
9817,0,13,13
3404,0,11,11
9222,0,11,11
6771,0,8,8
5929,3,0,3
9192,0,6,6
7857,0,11,11
7419,3,0,3
4798,0,1,1
9698,1,1,2
5358,0,2,2
12201,0,2,2
10705,0,1,1
11265,0,6,6
7791,0,4,4
11997,1,0,1
3524,0,4,4
2284,0,5,5
2908,0,1,1
2742,1,0,1
11400,0,2,2
12027,2,0,2
7727,0,14,14
9140,0,2,2
9734,0,4,4
3954,0,4,4
9002,0,9,9
10303,0,3,3
3049,2,0,2
10242,0,1,1
4766,1,0,1
2328,0,1,1
11751,0,1,1
10544,1,0,1
5524,0,3,3
5099,0,2,2
3607,0,1,1
3467,0,1,1
6225,0,8,8
1845,8,0,8
10625,0,1,1
8752,0,2,2
12349,2,0,2
11358,0,1,1
5818,0,1,1
12018,0,7,7
2546,1,0,1
11919,8,1,9
12122,0,3,3
6305,0,2,2
11813,0,1,1
3377,2,3,5
3518,0,22,22
5651,0,4,4
5658,4,0,4
7163,0,1,1
2516,0,12,12
6798,0,4,4
9075,0,1,1
12423,0,1,1
12650,0,3,3
12430,0,1,1
7718,0,2,2
8140,0,1,1
8165,0,5,5
9857,1,0,1
6720,0,2,2
1436,0,6,6
10177,0,3,3
10948,3,0,3
5775,0,1,1
10528,0,1,1
8832,0,18,18
5941,0,12,12
9009,0,1,1
2786,0,16,16
10236,0,1,1
8098,0,29,29
8331,0,8,8
4004,1,0,1
7119,0,2,2
4899,0,8,8
10945,8,0,8
7252,0,1,1
2342,0,2,2
2089,2,1,3
11453,0,1,1
4063,0,2,2
805,0,1,1
8230,0,5,5
11883,0,3,3
1443,0,1,1
2436,0,1,1
7687,0,1,1
5899,0,1,1
8520,0,1,1
12695,0,3,3
12693,6,0,6
12690,0,3,3
11964,0,1,1
4517,0,2,2
1382,0,1,1
1288,0,1,1
10043,0,2,2
12220,0,1,1
12321,1,0,1
